# name: debug
# type: sparse matrix
# nnz: 3672
# rows: 612
# columns: 612

1 1 nan
2 1 nan
3 1 nan
4 1 nan
5 1 nan
6 1 nan
1 2 nan
2 2 nan
3 2 nan
4 2 nan
5 2 nan
6 2 nan
1 3 nan
2 3 nan
3 3 nan
4 3 nan
5 3 nan
6 3 nan
1 4 nan
2 4 nan
3 4 nan
4 4 nan
5 4 nan
6 4 nan
1 5 nan
2 5 nan
3 5 nan
4 5 nan
5 5 nan
6 5 nan
1 6 nan
2 6 nan
3 6 nan
4 6 nan
5 6 nan
6 6 nan
7 7 -nan
8 7 -nan
9 7 -nan
10 7 -nan
11 7 -nan
12 7 -nan
7 8 -nan
8 8 -nan
9 8 -nan
10 8 -nan
11 8 -nan
12 8 -nan
7 9 -nan
8 9 -nan
9 9 -nan
10 9 -nan
11 9 -nan
12 9 -nan
7 10 -nan
8 10 -nan
9 10 -nan
10 10 -nan
11 10 -nan
12 10 -nan
7 11 -nan
8 11 -nan
9 11 -nan
10 11 -nan
11 11 -nan
12 11 -nan
7 12 -nan
8 12 -nan
9 12 -nan
10 12 -nan
11 12 -nan
12 12 -nan
13 13 nan
14 13 nan
15 13 nan
16 13 nan
17 13 nan
18 13 nan
13 14 nan
14 14 nan
15 14 nan
16 14 nan
17 14 nan
18 14 nan
13 15 nan
14 15 nan
15 15 nan
16 15 nan
17 15 nan
18 15 nan
13 16 nan
14 16 nan
15 16 nan
16 16 nan
17 16 nan
18 16 nan
13 17 nan
14 17 nan
15 17 nan
16 17 nan
17 17 nan
18 17 nan
13 18 nan
14 18 nan
15 18 nan
16 18 nan
17 18 nan
18 18 nan
19 19 nan
20 19 nan
21 19 nan
22 19 nan
23 19 nan
24 19 nan
19 20 nan
20 20 nan
21 20 nan
22 20 nan
23 20 nan
24 20 nan
19 21 nan
20 21 nan
21 21 nan
22 21 nan
23 21 nan
24 21 nan
19 22 nan
20 22 nan
21 22 nan
22 22 nan
23 22 nan
24 22 nan
19 23 nan
20 23 nan
21 23 nan
22 23 nan
23 23 nan
24 23 nan
19 24 nan
20 24 nan
21 24 nan
22 24 nan
23 24 nan
24 24 nan
25 25 -nan
26 25 -nan
27 25 -nan
28 25 -nan
29 25 -nan
30 25 -nan
25 26 -nan
26 26 -nan
27 26 -nan
28 26 -nan
29 26 -nan
30 26 -nan
25 27 -nan
26 27 -nan
27 27 -nan
28 27 -nan
29 27 -nan
30 27 -nan
25 28 -nan
26 28 -nan
27 28 -nan
28 28 -nan
29 28 -nan
30 28 -nan
25 29 -nan
26 29 -nan
27 29 -nan
28 29 -nan
29 29 -nan
30 29 -nan
25 30 -nan
26 30 -nan
27 30 -nan
28 30 -nan
29 30 -nan
30 30 -nan
31 31 -nan
32 31 -nan
33 31 -nan
34 31 -nan
35 31 -nan
36 31 -nan
31 32 -nan
32 32 -nan
33 32 -nan
34 32 -nan
35 32 -nan
36 32 -nan
31 33 -nan
32 33 -nan
33 33 -nan
34 33 -nan
35 33 -nan
36 33 -nan
31 34 -nan
32 34 -nan
33 34 -nan
34 34 -nan
35 34 -nan
36 34 -nan
31 35 -nan
32 35 -nan
33 35 -nan
34 35 -nan
35 35 -nan
36 35 -nan
31 36 -nan
32 36 -nan
33 36 -nan
34 36 -nan
35 36 -nan
36 36 -nan
37 37 -nan
38 37 -nan
39 37 -nan
40 37 -nan
41 37 -nan
42 37 -nan
37 38 -nan
38 38 -nan
39 38 -nan
40 38 -nan
41 38 -nan
42 38 -nan
37 39 -nan
38 39 -nan
39 39 -nan
40 39 -nan
41 39 -nan
42 39 -nan
37 40 -nan
38 40 -nan
39 40 -nan
40 40 -nan
41 40 -nan
42 40 -nan
37 41 -nan
38 41 -nan
39 41 -nan
40 41 -nan
41 41 -nan
42 41 -nan
37 42 -nan
38 42 -nan
39 42 -nan
40 42 -nan
41 42 -nan
42 42 -nan
43 43 nan
44 43 nan
45 43 nan
46 43 nan
47 43 nan
48 43 nan
43 44 nan
44 44 nan
45 44 nan
46 44 nan
47 44 nan
48 44 nan
43 45 nan
44 45 nan
45 45 nan
46 45 nan
47 45 nan
48 45 nan
43 46 nan
44 46 nan
45 46 nan
46 46 nan
47 46 nan
48 46 nan
43 47 nan
44 47 nan
45 47 nan
46 47 nan
47 47 nan
48 47 nan
43 48 nan
44 48 nan
45 48 nan
46 48 nan
47 48 nan
48 48 nan
49 49 nan
50 49 nan
51 49 nan
52 49 nan
53 49 nan
54 49 nan
49 50 nan
50 50 nan
51 50 nan
52 50 nan
53 50 nan
54 50 nan
49 51 nan
50 51 nan
51 51 nan
52 51 nan
53 51 nan
54 51 nan
49 52 nan
50 52 nan
51 52 nan
52 52 nan
53 52 nan
54 52 nan
49 53 nan
50 53 nan
51 53 nan
52 53 nan
53 53 nan
54 53 nan
49 54 nan
50 54 nan
51 54 nan
52 54 nan
53 54 nan
54 54 nan
55 55 nan
56 55 nan
57 55 nan
58 55 nan
59 55 nan
60 55 nan
55 56 nan
56 56 nan
57 56 nan
58 56 nan
59 56 nan
60 56 nan
55 57 nan
56 57 nan
57 57 nan
58 57 nan
59 57 nan
60 57 nan
55 58 nan
56 58 nan
57 58 nan
58 58 nan
59 58 nan
60 58 nan
55 59 nan
56 59 nan
57 59 nan
58 59 nan
59 59 nan
60 59 nan
55 60 nan
56 60 nan
57 60 nan
58 60 nan
59 60 nan
60 60 nan
61 61 nan
62 61 nan
63 61 nan
64 61 nan
65 61 nan
66 61 nan
61 62 nan
62 62 nan
63 62 nan
64 62 nan
65 62 nan
66 62 nan
61 63 nan
62 63 nan
63 63 nan
64 63 nan
65 63 nan
66 63 nan
61 64 nan
62 64 nan
63 64 nan
64 64 nan
65 64 nan
66 64 nan
61 65 nan
62 65 nan
63 65 nan
64 65 nan
65 65 nan
66 65 nan
61 66 nan
62 66 nan
63 66 nan
64 66 nan
65 66 nan
66 66 nan
67 67 -nan
68 67 -nan
69 67 -nan
70 67 -nan
71 67 -nan
72 67 -nan
67 68 -nan
68 68 -nan
69 68 -nan
70 68 -nan
71 68 -nan
72 68 -nan
67 69 -nan
68 69 -nan
69 69 -nan
70 69 -nan
71 69 -nan
72 69 -nan
67 70 -nan
68 70 -nan
69 70 -nan
70 70 -nan
71 70 -nan
72 70 -nan
67 71 -nan
68 71 -nan
69 71 -nan
70 71 -nan
71 71 -nan
72 71 -nan
67 72 -nan
68 72 -nan
69 72 -nan
70 72 -nan
71 72 -nan
72 72 -nan
73 73 nan
74 73 nan
75 73 nan
76 73 nan
77 73 nan
78 73 nan
73 74 nan
74 74 nan
75 74 nan
76 74 nan
77 74 nan
78 74 nan
73 75 nan
74 75 nan
75 75 nan
76 75 nan
77 75 nan
78 75 nan
73 76 nan
74 76 nan
75 76 nan
76 76 nan
77 76 nan
78 76 nan
73 77 nan
74 77 nan
75 77 nan
76 77 nan
77 77 nan
78 77 nan
73 78 nan
74 78 nan
75 78 nan
76 78 nan
77 78 nan
78 78 nan
79 79 nan
80 79 nan
81 79 nan
82 79 nan
83 79 nan
84 79 nan
79 80 nan
80 80 nan
81 80 nan
82 80 nan
83 80 nan
84 80 nan
79 81 nan
80 81 nan
81 81 nan
82 81 nan
83 81 nan
84 81 nan
79 82 nan
80 82 nan
81 82 nan
82 82 nan
83 82 nan
84 82 nan
79 83 nan
80 83 nan
81 83 nan
82 83 nan
83 83 nan
84 83 nan
79 84 nan
80 84 nan
81 84 nan
82 84 nan
83 84 nan
84 84 nan
85 85 nan
86 85 nan
87 85 nan
88 85 nan
89 85 nan
90 85 nan
85 86 nan
86 86 nan
87 86 nan
88 86 nan
89 86 nan
90 86 nan
85 87 nan
86 87 nan
87 87 nan
88 87 nan
89 87 nan
90 87 nan
85 88 nan
86 88 nan
87 88 nan
88 88 nan
89 88 nan
90 88 nan
85 89 nan
86 89 nan
87 89 nan
88 89 nan
89 89 nan
90 89 nan
85 90 nan
86 90 nan
87 90 nan
88 90 nan
89 90 nan
90 90 nan
91 91 nan
92 91 nan
93 91 nan
94 91 nan
95 91 nan
96 91 nan
91 92 nan
92 92 nan
93 92 nan
94 92 nan
95 92 nan
96 92 nan
91 93 nan
92 93 nan
93 93 nan
94 93 nan
95 93 nan
96 93 nan
91 94 nan
92 94 nan
93 94 nan
94 94 nan
95 94 nan
96 94 nan
91 95 nan
92 95 nan
93 95 nan
94 95 nan
95 95 nan
96 95 nan
91 96 nan
92 96 nan
93 96 nan
94 96 nan
95 96 nan
96 96 nan
97 97 -nan
98 97 -nan
99 97 -nan
100 97 -nan
101 97 -nan
102 97 -nan
97 98 -nan
98 98 -nan
99 98 -nan
100 98 -nan
101 98 -nan
102 98 -nan
97 99 -nan
98 99 -nan
99 99 -nan
100 99 -nan
101 99 -nan
102 99 -nan
97 100 -nan
98 100 -nan
99 100 -nan
100 100 -nan
101 100 -nan
102 100 -nan
97 101 -nan
98 101 -nan
99 101 -nan
100 101 -nan
101 101 -nan
102 101 -nan
97 102 -nan
98 102 -nan
99 102 -nan
100 102 -nan
101 102 -nan
102 102 -nan
103 103 nan
104 103 nan
105 103 nan
106 103 nan
107 103 nan
108 103 nan
103 104 nan
104 104 nan
105 104 nan
106 104 nan
107 104 nan
108 104 nan
103 105 nan
104 105 nan
105 105 nan
106 105 nan
107 105 nan
108 105 nan
103 106 nan
104 106 nan
105 106 nan
106 106 nan
107 106 nan
108 106 nan
103 107 nan
104 107 nan
105 107 nan
106 107 nan
107 107 nan
108 107 nan
103 108 nan
104 108 nan
105 108 nan
106 108 nan
107 108 nan
108 108 nan
109 109 nan
110 109 nan
111 109 nan
112 109 nan
113 109 nan
114 109 nan
109 110 nan
110 110 nan
111 110 nan
112 110 nan
113 110 nan
114 110 nan
109 111 nan
110 111 nan
111 111 nan
112 111 nan
113 111 nan
114 111 nan
109 112 nan
110 112 nan
111 112 nan
112 112 nan
113 112 nan
114 112 nan
109 113 nan
110 113 nan
111 113 nan
112 113 nan
113 113 nan
114 113 nan
109 114 nan
110 114 nan
111 114 nan
112 114 nan
113 114 nan
114 114 nan
115 115 -nan
116 115 -nan
117 115 -nan
118 115 -nan
119 115 -nan
120 115 -nan
115 116 -nan
116 116 -nan
117 116 -nan
118 116 -nan
119 116 -nan
120 116 -nan
115 117 -nan
116 117 -nan
117 117 -nan
118 117 -nan
119 117 -nan
120 117 -nan
115 118 -nan
116 118 -nan
117 118 -nan
118 118 -nan
119 118 -nan
120 118 -nan
115 119 -nan
116 119 -nan
117 119 -nan
118 119 -nan
119 119 -nan
120 119 -nan
115 120 -nan
116 120 -nan
117 120 -nan
118 120 -nan
119 120 -nan
120 120 -nan
121 121 nan
122 121 nan
123 121 nan
124 121 nan
125 121 nan
126 121 nan
121 122 nan
122 122 nan
123 122 nan
124 122 nan
125 122 nan
126 122 nan
121 123 nan
122 123 nan
123 123 nan
124 123 nan
125 123 nan
126 123 nan
121 124 nan
122 124 nan
123 124 nan
124 124 nan
125 124 nan
126 124 nan
121 125 nan
122 125 nan
123 125 nan
