# name: debug
# type: sparse matrix
# nnz: 5184
# rows: 72
# columns: 72

1 1 1.74783506e+09
2 1 97015.4382
3 1 2572656.78
4 1 118019.652
5 1 250980913
6 1 21198968.3
7 1 -16201.1085
8 1 -85.6314159
9 1 -238.635078
10 1 249.851331
11 1 -36204.3562
12 1 -2151.85758
13 1 -13232.1398
14 1 -194.262318
15 1 78.4669319
16 1 -56.8751963
17 1 -29541.8034
18 1 -1863.0072
19 1 -9087.46027
20 1 -99.413848
21 1 1222.22194
22 1 -814.020418
23 1 -21035.6639
24 1 -1589.77194
25 1 -4780.66739
26 1 -81.6035106
27 1 1158.62746
28 1 -481.138639
29 1 -11842.2816
30 1 -795.989255
31 1 -3048.60236
32 1 -56.6768889
33 1 975.458747
34 1 -445.278377
35 1 -7097.28542
36 1 -452.624589
37 1 -2087.79596
38 1 3.6616861
39 1 847.989266
40 1 -448.19144
41 1 -4690.09874
42 1 -179.50219
43 1 -1427.64676
44 1 -11.9750922
45 1 663.644855
46 1 -368.942368
47 1 -3245.34043
48 1 143.373787
49 1 -1117.35491
50 1 -19.1962441
51 1 555.906153
52 1 -345.575894
53 1 -2674.12984
54 1 120.29918
55 1 -870.882063
56 1 -23.3151285
57 1 434.357932
58 1 -293.396605
59 1 -2116.76677
60 1 70.0919155
61 1 -526.965098
62 1 -12.6368255
63 1 295.170251
64 1 -215.576463
65 1 -1325.48543
66 1 58.9451921
67 1 -476.815583
68 1 -18.090649
69 1 252.512078
70 1 -186.442174
71 1 -1178.17959
72 1 99.5186516
1 2 97015.4382
2 2 1.74923837e+09
3 2 9887690.31
4 2 -244044621
5 2 3265215.1
6 2 -1496084.05
7 2 -51.6367151
8 2 -15958.1909
9 2 -987.792064
10 2 34334.6205
11 2 -310.995017
12 2 108.694471
13 2 -144.0251
14 2 -12989.4312
15 2 -963.019626
16 2 27970.0954
17 2 -1232.36277
18 2 907.401542
19 2 -26.8594198
20 2 -9265.17988
21 2 -637.898999
22 2 20531.0868
23 2 -992.225929
24 2 -986.068853
25 2 -20.2849679
26 2 -4994.47297
27 2 -365.521996
28 2 11522.7915
29 2 -542.94634
30 2 -1234.22965
31 2 -2.00387795
32 2 -3348.64558
33 2 -195.669725
34 2 7100.70338
35 2 -464.940323
36 2 -1138.37304
37 2 41.8362315
38 2 -2398.33234
39 2 14.4542527
40 2 4712.60193
41 2 -450.716532
42 2 -727.539646
43 2 6.32341867
44 2 -1659.77724
45 2 83.5196115
46 2 3186.50566
47 2 -616.647064
48 2 -616.422407
49 2 0.385502562
50 2 -1297.0783
51 2 56.687071
52 2 2566.46301
53 2 -563.069913
54 2 -565.566226
55 2 -0.0749659923
56 2 -1009.32261
57 2 20.8019939
58 2 2024.02525
59 2 -454.519028
60 2 -430.085858
61 2 2.54363908
62 2 -625.632738
63 2 14.9994376
64 2 1279.71556
65 2 -299.979389
66 2 -302.251513
67 2 -6.36150177
68 2 -566.495179
69 2 35.4283762
70 2 1147.86141
71 2 -360.148763
72 2 -233.490571
1 3 2572656.78
2 3 9887690.31
3 3 1.65315505e+09
4 3 -26690632.4
5 3 797202.902
6 3 -300261.044
7 3 -978.493758
8 3 -888.97451
9 3 -2410.80912
10 3 2665.70256
11 3 -1346.64499
12 3 -27.4128916
13 3 -1010.83705
14 3 -942.246554
15 3 -1955.34399
16 3 2564.12014
17 3 -1362.084
18 3 55.8780617
19 3 -281.373223
20 3 -661.989017
21 3 -1209.68655
22 3 1801.67604
23 3 189.665846
24 3 -28.8793601
25 3 -51.1290451
26 3 -344.041006
27 3 -605.220912
28 3 980.875822
29 3 504.506505
30 3 -42.2224411
31 3 -173.829735
32 3 -213.201561
33 3 -306.430401
34 3 533.763415
35 3 43.5882575
36 3 -59.7893462
37 3 -140.472555
38 3 -159.99974
39 3 -199.094162
40 3 316.110968
41 3 70.9107235
42 3 -22.8965098
43 3 -35.5906831
44 3 -46.8921025
45 3 -180.795877
46 3 94.1044881
47 3 188.271703
48 3 -8.41806882
49 3 14.030943
50 3 -44.8248654
51 3 -173.468215
52 3 114.491674
53 3 238.580363
54 3 -14.196418
55 3 16.6124918
56 3 -53.2895776
57 3 -146.471514
58 3 133.591594
59 3 214.272685
60 3 -18.8036362
61 3 38.0846026
62 3 -28.3409564
63 3 -98.0037765
64 3 92.4690635
65 3 202.356047
66 3 -17.5442156
67 3 26.2958376
68 3 -12.2833879
69 3 -106.86392
70 3 49.1357053
71 3 190.757794
72 3 -14.008808
1 4 118019.652
2 4 -244044621
3 4 -26690632.4
4 4 2.20534553e+09
5 4 2047.93489
6 4 -13478684.1
7 4 43.570374
8 4 34040.4953
9 4 2804.01607
10 4 -75192.5937
11 4 398.681147
12 4 1192.69691
13 4 427.888065
14 4 27781.6591
15 4 2605.53646
16 4 -61334.9293
17 4 2831.1477
18 4 -805.907196
19 4 38.2276628
20 4 20337.4671
21 4 1742.99388
22 4 -45778.0565
23 4 2020.02399
24 4 2722.08567
25 4 44.1038342
26 4 10972.8868
27 4 965.557935
28 4 -25724.8117
29 4 1061.07353
30 4 2983.10782
31 4 25.81505
32 4 7247.4626
33 4 525.530524
34 4 -15620.8302
35 4 939.359663
36 4 2652.21486
37 4 -49.3346478
38 4 5226.55091
39 4 32.7663948
40 4 -10470.9317
41 4 977.517209
42 4 1700.48843
43 4 28.8571189
44 4 3590.68058
45 4 -152.649308
46 4 -7014.85762
47 4 1392.15165
48 4 1358.59413
49 4 34.2228348
50 4 2873.55935
51 4 -94.0269763
52 4 -5771.9768
53 4 1276.50348
54 4 1255.05427
55 4 26.7585272
56 4 2262.96454
57 4 -21.2242439
58 4 -4608.30748
59 4 1032.06982
60 4 975.278534
61 4 -0.937271447
62 4 1409.15089
63 4 -14.5953845
64 4 -2935.84322
65 4 654.800295
66 4 692.164719
67 4 35.4601259
68 4 1293.23614
69 4 -71.5244095
70 4 -2656.36218
71 4 841.045277
72 4 540.909704
1 5 250980913
2 5 3265215.1
3 5 797202.902
4 5 2047.93489
5 5 2.24721353e+09
6 5 54885273.6
7 5 -36052.3569
8 5 -625.44387
9 5 -109.244361
10 5 1457.9024
11 5 -82814.8488
12 5 -5244.75885
13 5 -29488.1946
14 5 -939.968843
15 5 529.526284
16 5 924.785287
17 5 -67506.2581
18 5 -4323.6698
19 5 -20691.5725
20 5 -512.594238
21 5 2949.53834
22 5 -1292.10597
23 5 -49003.3151
24 5 -3760.91448
25 5 -10973.6922
26 5 -356.984908
27 5 2733.38515
28 5 -804.737876
29 5 -27842.1151
30 5 -1897.64552
31 5 -6852.58943
32 5 -272.445242
33 5 2202.79562
34 5 -773.950417
35 5 -16301.5774
36 5 -1103.31818
37 5 -4790.39771
38 5 -122.794364
39 5 1956.44148
40 5 -839.328714
41 5 -11003.4409
42 5 -461.19592
43 5 -3245.49008
44 5 -132.524783
45 5 1487.52117
46 5 -672.950054
47 5 -7521.8322
48 5 273.670886
49 5 -2602.94565
50 5 -129.60058
51 5 1263.22975
52 5 -678.265145
53 5 -6328.88118
54 5 236.759589
55 5 -2059.22596
56 5 -119.673135
57 5 1013.70781
58 5 -605.679591
59 5 -5094.73557
60 5 138.689234
61 5 -1245.77339
62 5 -58.2673476
63 5 703.940269
64 5 -484.487736
65 5 -3202.22274
66 5 121.43534
67 5 -1142.57145
68 5 -88.3017245
69 5 610.817486
70 5 -386.722802
71 5 -2887.1222
72 5 217.10218
1 6 21198968.3
2 6 -1496084.05
3 6 -300261.044
4 6 -13478684.1
5 6 54885273.6
6 6 1.71248423e+09
7 6 -1682.6102
8 6 1102.37744
9 6 104.951067
10 6 -905.230238
11 6 -4097.29471
12 6 -8493.45689
13 6 -1679.43468
14 6 922.884831
15 6 139.960709
16 6 -479.881738
17 6 -3869.31184
18 6 -6900.12139
19 6 -1167.81342
20 6 209.996563
21 6 179.566385
22 6 251.443455
23 6 -2697.47469
24 6 -4745.78255
25 6 -591.219294
26 6 -33.5185217
27 6 140.337348
28 6 486.769046
29 6 -1439.61368
30 6 -2548.07968
31 6 -340.1409
32 6 333.110631
33 6 123.163667
34 6 -479.618909
35 6 -717.604998
36 6 -1318.54284
37 6 -219.423577
38 6 231.260834
39 6 77.695422
40 6 -159.730163
41 6 -382.073459
42 6 -940.056703
43 6 -76.2878428
44 6 12.4939581
45 6 34.2897796
46 6 129.612923
47 6 -177.024549
48 6 -701.688779
49 6 -68.7816499
50 6 -98.5449842
51 6 37.7221427
52 6 290.968133
53 6 -204.425539
54 6 -637.754216
55 6 -89.2359283
56 6 -101.309535
57 6 47.5416916
58 6 283.273384
59 6 -260.933579
60 6 -534.874225
61 6 -53.5220978
62 6 -128.576895
63 6 31.4480055
64 6 308.063751
65 6 -207.464744
66 6 -333.910246
67 6 -30.7851665
68 6 -123.302204
69 6 23.8131668
70 6 309.260371
71 6 -158.475838
72 6 -349.253971
1 7 -16201.1085
2 7 -51.6367151
3 7 -978.493758
4 7 43.570374
5 7 -36052.3569
6 7 -1682.6102
7 7 1.72912629e+09
8 7 176266.305
9 7 -3657120.69
10 7 15514.1262
11 7 213981498
12 7 17671496
13 7 -12502.546
14 7 -171.899786
15 7 283.071855
16 7 -101.346864
17 7 -28139.1508
18 7 -1806.11364
19 7 -8889.83931
20 7 -97.0867476
21 7 1252.492
22 7 -803.37518
23 7 -20627.7442
24 7 -1589.31989
25 7 -4827.04372
26 7 -74.8562202
27 7 1173.51007
28 7 -511.448832
29 7 -11928.631
30 7 -807.311301
31 7 -3108.73193
32 7 -53.7440869
33 7 1004.29821
34 7 -463.176833
35 7 -7243.08945
36 7 -447.362363
37 7 -2164.25388
38 7 -1.77831891
39 7 884.440144
40 7 -455.700299
41 7 -4873.72588
42 7 -181.263579
43 7 -1465.29705
44 7 -13.7068045
45 7 689.693392
46 7 -379.724704
47 7 -3345.51628
48 7 157.4168
49 7 -1155.13366
50 7 -18.9955315
51 7 576.006817
52 7 -363.019853
53 7 -2769.05506
54 7 131.129323
55 7 -908.421254
56 7 -23.5477352
57 7 455.767864
58 7 -308.283869
59 7 -2214.35886
60 7 80.4967565
61 7 -556.660032
62 7 -13.4089719
63 7 312.023449
64 7 -225.435557
65 7 -1401.63956
66 7 68.2765227
67 7 -498.931456
68 7 -19.1374741
69 7 270.027083
70 7 -194.005294
71 7 -1242.04572
72 7 110.270846
1 8 -85.6314159
2 8 -15958.1909
3 8 -888.97451
4 8 34040.4953
5 8 -625.44387
6 8 1102.37744
7 8 176266.305
8 8 1.73060723e+09
9 8 7161551.39
10 8 -209211428
11 8 766097.636
12 8 8159347.29
13 8 -156.155103
14 8 -12353.1137
15 8 -962.194559
16 8 26827.9097
17 8 -1204.21565
18 8 601.105373
19 8 -36.6132095
20 8 -9052.97669
21 8 -667.91596
22 8 20102.0921
23 8 -982.583371
24 8 -1036.76303
25 8 -17.9198402
26 8 -5019.10287
27 8 -382.501652
28 8 11572.454
29 8 -523.147862
30 8 -1231.95215
31 8 -0.711949693
32 8 -3380.12021
33 8 -196.053424
34 8 7175.61146
35 8 -464.961645
36 8 -1156.84516
37 8 44.3245564
38 8 -2454.85385
39 8 12.6175521
40 8 4842.90132
41 8 -456.900435
42 8 -746.760499
43 8 10.5371422
44 8 -1681.88136
45 8 87.5128039
46 8 3251.78554
47 8 -617.332467
48 8 -631.875488
49 8 4.5573601
50 8 -1323.45572
51 8 59.0245751
52 8 2638.19915
53 8 -563.144157
54 8 -574.304031
55 8 2.16159944
56 8 -1040.46211
57 8 24.3156317
58 8 2101.05831
59 8 -466.160185
60 8 -443.078084
61 8 3.78319444
62 8 -652.534044
63 8 18.6674603
64 8 1341.44804
65 8 -315.164142
66 8 -311.823022
67 8 -5.37519193
68 8 -587.161578
69 8 39.5337733
70 8 1196.81709
71 8 -375.329442
72 8 -248.054939
1 9 -238.635078
2 9 -987.792064
3 9 -2410.80912
4 9 2804.01607
5 9 -109.244361
6 9 104.951067
7 9 -3657120.69
8 9 7161551.39
9 9 1.6493216e+09
10 9 -20663876.5
11 9 -14037534.1
12 9 -472355.929
13 9 -170.248085
14 9 -1008.30721
15 9 -1797.87636
16 9 2725.29567
17 9 388.86298
18 9 133.852346
19 9 169.029908
20 9 -744.520228
21 9 -1220.6392
22 9 2027.87549
23 9 1182.26841
24 9 27.5146368
25 9 159.236844
26 9 -386.859281
27 9 -644.600321
28 9 1109.52897
29 9 1006.0033
30 9 -20.8688697
31 9 -31.8326224
32 9 -231.53992
33 9 -354.507055
34 9 599.489674
35 9 373.977498
36 9 -48.6739645
37 9 -43.7628972
38 9 -179.803396
39 9 -243.109925
40 9 374.131096
41 9 289.574256
42 9 -20.8609414
43 9 36.7240265
44 9 -52.2969078
45 9 -213.981147
46 9 123.857314
47 9 354.364741
48 9 -19.7862423
49 9 66.7149577
50 9 -48.6677013
51 9 -202.201435
52 9 142.639761
53 9 371.506864
54 9 -23.6222858
55 9 58.8940773
56 9 -55.6863951
57 9 -172.753767
58 9 156.495405
59 9 325.372626
60 9 -25.4583996
61 9 63.8941434
62 9 -29.610846
63 9 -117.186039
64 9 107.088091
65 9 273.964608
66 9 -22.8678858
67 9 52.3715454
68 9 -11.9951404
69 9 -125.433304
70 9 61.7470218
71 9 260.932359
72 9 -21.4716026
1 10 249.851331
2 10 34334.6205
3 10 2665.70256
4 10 -75192.5937
5 10 1457.9024
6 10 -905.230238
7 10 15514.1262
8 10 -209211428
9 10 -20663876.5
10 10 2.13148972e+09
11 10 6664958.9
12 10 -32553711.9
13 10 517.811011
14 10 26864.8339
15 10 2637.98452
16 10 -59726.6177
17 10 2903.57561
18 10 -317.006851
19 10 118.946071
20 10 20084.5893
21 10 1831.84138
22 10 -45296.7381
23 10 2114.454
24 10 2837.95002
25 10 60.4905598
26 10 11120.7801
27 10 1015.24077
28 10 -26059.1642
29 10 1052.90818
30 10 3014.09233
31 10 40.8731342
32 10 7385.61643
33 10 530.260467
34 10 -15943.2738
35 10 976.633111
36 10 2721.33055
37 10 -42.2564691
38 10 5415.04562
39 10 32.7153777
40 10 -10888.8827
41 10 1022.97071
42 10 1765.84061
43 10 25.9565824
44 10 3688.56141
45 10 -169.020036
46 10 -7254.9972
47 10 1420.78569
48 10 1412.58264
49 10 27.8609643
50 10 2974.94659
51 10 -102.869372
52 10 -6020.49235
53 10 1295.44864
54 10 1297.97452
55 10 25.1941654
56 10 2366.56414
57 10 -31.0252838
58 10 -4852.89387
59 10 1076.66144
60 10 1020.59006
61 10 -0.259568674
62 10 1490.61022
63 10 -24.4996927
64 10 -3119.65214
65 10 704.699012
66 10 722.55165
67 10 37.031952
68 10 1357.19538
69 10 -82.8874005
70 10 -2804.0798
71 10 891.890491
72 10 577.74075
1 11 -36204.3562
2 11 -310.995017
3 11 -1346.64499
4 11 398.681147
5 11 -82814.8488
6 11 -4097.29471
7 11 213981498
8 11 766097.636
9 11 -14037534.1
10 11 6664958.9
11 11 2.16592174e+09
12 11 47198257.5
13 11 -28137.6766
14 11 -650.666474
15 11 1238.17141
16 11 191.786271
17 11 -65029.4754
18 11 -4152.23713
19 11 -20394.4741
20 11 -345.204328
21 11 3229.1965
22 11 -1724.18255
23 11 -48548.2828
24 11 -3703.61609
25 11 -11138.6165
26 11 -246.700313
27 11 2884.18011
28 11 -1150.89529
29 11 -28293.7058
30 11 -1883.75236
31 11 -7013.19877
32 11 -212.213179
33 11 2337.1985
34 11 -962.035706
35 11 -16776.2026
36 11 -1066.64534
37 11 -4983.84306
38 11 -95.9900007
39 11 2092.0573
40 11 -955.409635
41 11 -11535.9604
42 11 -445.83567
43 11 -3355.60997
44 11 -109.457215
45 11 1596.58178
46 11 -768.863013
47 11 -7848.79071
48 11 325.865801
49 11 -2719.99839
50 11 -104.303158
51 11 1358.93944
52 11 -791.670146
53 11 -6654.71703
54 11 281.206967
55 11 -2171.37077
56 11 -101.734722
57 11 1103.3351
58 11 -698.554702
59 11 -5413.13645
60 11 177.207758
61 11 -1335.01396
62 11 -50.5022709
63 11 769.206257
64 11 -543.373021
65 11 -3448.95286
66 11 152.140471
67 11 -1210.87535
68 11 -82.9129914
69 11 676.177294
70 11 -435.094385
71 11 -3096.16518
72 11 252.125968
1 12 -2151.85758
2 12 108.694471
3 12 -27.4128916
4 12 1192.69691
5 12 -5244.75885
6 12 -8493.45689
7 12 17671496
8 12 8159347.29
9 12 -472355.929
10 12 -32553711.9
11 12 47198257.5
12 12 1.69989017e+09
13 12 -1992.74686
14 12 -168.775266
15 12 98.7416774
16 12 1661.72157
17 12 -4653.49957
18 12 -6520.74383
19 12 -1438.8171
20 12 -429.834724
21 12 186.0006
22 12 1595.87357
23 12 -3378.95518
24 12 -4736.08181
25 12 -742.72118
26 12 -337.498351
27 12 156.783569
28 12 1162.07478
29 12 -1846.14131
30 12 -2619.66145
31 12 -423.424693
32 12 113.252747
33 12 138.040296
34 12 -33.1930464
35 12 -947.796525
36 12 -1422.34228
37 12 -280.745549
38 12 73.1087868
39 12 105.662917
40 12 133.338509
41 12 -553.981724
42 12 -1016.37325
43 12 -106.628244
44 12 -106.311655
45 12 54.3450237
46 12 344.772871
47 12 -294.409977
48 12 -747.172545
49 12 -94.1774343
50 12 -185.214509
51 12 53.4702423
52 12 455.818343
53 12 -309.106324
54 12 -687.754611
55 12 -110.577644
56 12 -173.075803
57 12 59.6488714
58 12 420.286894
59 12 -350.522526
60 12 -584.893542
61 12 -66.8972267
62 12 -173.644369
63 12 40.5713486
64 12 394.756581
65 12 -267.197755
66 12 -371.7029
67 12 -40.48665
68 12 -171.750168
69 12 32.0543028
70 12 401.928998
71 12 -215.743575
72 12 -383.809257
1 13 -13232.1398
2 13 -144.0251
3 13 -1010.83705
4 13 427.888065
5 13 -29488.1946
6 13 -1679.43468
7 13 -12502.546
8 13 -156.155103
9 13 -170.248085
10 13 517.811011
11 13 -28137.6766
12 13 -1992.74686
13 13 1.75651877e+09
14 13 1868787.69
15 13 4213827.82
16 13 1146746.66
17 13 203532668
18 13 19336372.7
19 13 -298208.714
20 13 -62551.644
21 13 125988.662
22 13 855.37569
23 13 -112196.449
24 13 -42481.308
25 13 -5600.8208
26 13 -52.1071498
27 13 1097.00381
28 13 -640.226946
29 13 -13442.1392
30 13 -775.403935
31 13 -3457.10494
32 13 -74.5945681
33 13 1034.43771
34 13 -448.314452
35 13 -7927.75218
36 13 -493.111958
37 13 -2421.22439
38 13 -28.7091708
39 13 942.260726
40 13 -433.905827
41 13 -5391.20645
42 13 -217.084333
43 13 -1763.90396
44 13 -37.0385758
45 13 760.307063
46 13 -390.517298
47 13 -3946.24226
48 13 153.515498
49 13 -1395.61746
50 13 -43.3747173
51 13 618.947552
52 13 -370.4755
53 13 -3254.78794
54 13 116.844727
55 13 -1144.0821
56 13 -42.4795116
57 13 522.181639
58 13 -335.791373
59 13 -2701.18826
60 13 90.2976763
61 13 -677.590995
62 13 -21.234961
63 13 345.16044
64 13 -244.932126
65 13 -1636.93459
66 13 83.861341
67 13 -643.549236
68 13 -31.3528812
69 13 301.717967
70 13 -213.73936
71 13 -1519.94639
72 13 129.500336
1 14 -194.262318
2 14 -12989.4312
3 14 -942.246554
4 14 27781.6591
5 14 -939.968843
6 14 922.884831
7 14 -171.899786
8 14 -12353.1137
9 14 -1008.30721
10 14 26864.8339
11 14 -650.666474
12 14 -168.775266
13 14 1868787.69
14 14 1.75662442e+09
15 14 22383472.7
16 14 -200871538
17 14 8262046.25
18 14 -3582631.61
19 14 47096.3819
20 14 -434650.343
21 14 -210032.871
22 14 159409.731
23 14 31801.1987
24 14 -36614.7901
25 14 -18.1330593
26 14 -5780.93764
27 14 -318.352503
28 14 13201.4199
29 14 -630.893344
30 14 -1066.66221
31 14 -22.7035537
32 14 -3701.98509
33 14 -203.528669
34 14 7820.92017
35 14 -584.740559
36 14 -1177.40501
37 14 26.3146631
38 14 -2692.32157
39 14 11.5286323
40 14 5294.54447
41 14 -566.788972
42 14 -788.027575
43 14 -3.9667865
44 14 -1983.39894
45 14 87.059208
46 14 3809.95698
47 14 -765.806928
48 14 -665.16605
49 14 -10.5730165
50 14 -1563.61233
51 14 50.0661229
52 14 3085.1804
53 14 -696.905522
54 14 -582.991586
55 14 -9.86160869
56 14 -1288.47049
57 14 28.9599093
58 14 2559.69045
59 14 -608.884496
60 14 -484.614967
61 14 -1.64042646
62 14 -784.780079
63 14 26.6349488
64 14 1580.04571
65 14 -395.662411
66 14 -325.92462
67 14 -13.5487876
68 14 -740.479551
69 14 45.2013405
70 14 1466.66577
71 14 -480.395691
72 14 -253.640876
1 15 78.4669319
2 15 -963.019626
3 15 -1955.34399
4 15 2605.53646
5 15 529.526284
6 15 139.960709
7 15 283.071855
8 15 -962.194559
9 15 -1797.87636
10 15 2637.98452
11 15 1238.17141
12 15 98.7416774
13 15 4213827.82
14 15 22383472.7
15 15 1.65731773e+09
16 15 -23604669.9
17 15 -10791730.1
18 15 -1741835.17
19 15 -37908.3837
20 15 -205726.72
21 15 -70515.7439
22 15 64068.7176
23 15 -2253.55708
24 15 -24656.2862
25 15 104.876798
26 15 -289.947328
27 15 -784.780768
28 15 924.806069
29 15 959.247633
30 15 6.63539434
31 15 6.91452034
32 15 -236.302444
33 15 -411.027661
34 15 623.500299
35 15 492.53526
36 15 -37.7500186
37 15 -6.7505111
38 15 -200.102156
39 15 -300.330453
40 15 419.619091
41 15 408.280142
42 15 -16.5485249
43 15 48.5026366
44 15 -75.3207237
45 15 -270.03172
46 15 174.086619
47 15 413.460354
48 15 -22.606669
49 15 65.0928015
50 15 -75.3906268
51 15 -250.976781
52 15 196.039977
53 15 405.330876
54 15 -25.9614766
55 15 67.6756715
56 15 -71.3423145
57 15 -219.441416
58 15 189.037356
59 15 388.541848
60 15 -27.7244291
61 15 70.3559103
62 15 -32.6410221
63 15 -138.303841
64 15 112.637464
65 15 309.828262
66 15 -23.6598012
67 15 49.2053754
68 15 -19.5113416
69 15 -154.436533
70 15 71.33782
71 15 285.18739
72 15 -22.888837
1 16 -56.8751963
2 16 27970.0954
3 16 2564.12014
4 16 -61334.9293
5 16 924.785287
6 16 -479.881738
7 16 -101.346864
8 16 26827.9097
9 16 2725.29567
10 16 -59726.6177
11 16 191.786271
12 16 1661.72157
13 16 1146746.66
14 16 -200871538
15 16 -23604669.9
16 16 2.08147525e+09
17 16 -4363955.41
18 16 -7785974.64
19 16 -7116.73936
20 16 157008.661
21 16 63729.2395
22 16 -94806.8258
23 16 -6165.59036
24 16 14431.0506
25 16 -267.625332
26 16 12732.4882
27 16 956.51105
28 16 -29638.8114
29 16 521.97973
30 16 2834.84229
31 16 -64.9995171
32 16 8046.73507
33 16 602.160262
34 16 -17329.039
35 16 866.872632
36 16 2823.87359
37 16 -102.612696
38 16 5926.46106
39 16 88.1849751
40 16 -11917.3408
41 16 1019.69382
42 16 1906.14536
43 16 -0.763476927
44 16 4354.29721
45 16 -120.385641
46 16 -8534.8451
47 16 1605.52285
48 16 1532.83192
49 16 19.3829946
50 16 3521.56808
51 16 -45.8593865
52 16 -7075.52602
53 16 1481.3165
54 16 1368.08809
55 16 15.2389741
56 16 2918.47295
57 16 -13.6747077
58 16 -5907.65232
59 16 1291.06555
60 16 1154.77466
61 16 -13.373568
62 16 1785.27815
63 16 -26.4235825
64 16 -3672.28181
65 16 818.186667
66 16 779.507313
67 16 39.3203238
68 16 1699.14417
69 16 -82.8947754
70 16 -3425.76432
71 16 1079.66625
72 16 621.40789
1 17 -29541.8034
2 17 -1232.36277
3 17 -1362.084
4 17 2831.1477
5 17 -67506.2581
6 17 -3869.31184
7 17 -28139.1508
8 17 -1204.21565
9 17 388.86298
10 17 2903.57561
11 17 -65029.4754
12 17 -4653.49957
13 17 203532668
14 17 8262046.25
15 17 -10791730.1
16 17 -4363955.41
17 17 2.10515553e+09
18 17 39682275.8
19 17 -101602.791
20 17 -32420.3745
21 17 30151.1876
22 17 4612.65914
23 17 -78911.3068
24 17 -16685.423
25 17 -12751.7674
26 17 -478.705921
27 17 2721.32433
28 17 -751.511441
29 17 -31564.6639
30 17 -1973.88408
31 17 -7759.65484
32 17 -471.996855
33 17 2413.48464
34 17 -473.052854
35 17 -18339.635
36 17 -1254.70459
37 17 -5562.2919
38 17 -323.275313
39 17 2242.8757
40 17 -577.018965
41 17 -12798.8194
42 17 -584.85767
43 17 -4048.84346
44 17 -308.409993
45 17 1769.30398
46 17 -512.173997
47 17 -9347.03417
48 17 269.278093
49 17 -3299.42696
50 17 -281.77892
51 17 1477.02457
52 17 -581.237364
53 17 -7913.81398
54 17 211.7374
55 17 -2722.27528
56 17 -243.706719
57 17 1274.73021
58 17 -577.254332
59 17 -6627.73063
60 17 167.133401
61 17 -1612.62306
62 17 -126.26541
63 17 856.942266
64 17 -475.027586
65 17 -4036.06078
66 17 166.165888
67 17 -1547.1404
68 17 -175.636399
69 17 763.129678
70 17 -359.297716
71 17 -3798.4403
72 17 281.451609
1 18 -1863.0072
2 18 907.401542
3 18 55.8780617
4 18 -805.907196
5 18 -4323.6698
6 18 -6900.12139
7 18 -1806.11364
8 18 601.105373
9 18 133.852346
10 18 -317.006851
11 18 -4152.23713
12 18 -6520.74383
13 18 19336372.7
14 18 -3582631.61
15 18 -1741835.17
16 18 -7785974.64
17 18 39682275.8
18 18 1.68997395e+09
19 18 -38921.7062
20 18 28375.2588
21 18 32035.7738
22 18 -12047.2507
23 18 -16363.5105
24 18 -7281.12386
25 18 -624.37152
26 18 328.84756
27 18 150.15669
28 18 -279.308942
29 18 -1590.91981
30 18 -2936.33103
31 18 -417.154428
32 18 444.644351
33 18 152.545983
34 18 -729.893047
35 18 -879.741644
36 18 -1460.3308
37 18 -295.66098
38 18 279.869752
39 18 111.046874
40 18 -263.853753
41 18 -521.037816
42 18 -1084.8456
43 18 -135.730439
44 18 77.2834347
45 18 57.3290925
46 18 -0.975630235
47 18 -276.897089
48 18 -845.167968
49 18 -131.141173
50 18 -20.5008754
51 18 62.2277728
52 18 143.717908
53 18 -306.717142
54 18 -781.408648
55 18 -132.111803
56 18 -59.6375489
57 18 66.4345276
58 18 211.16214
59 18 -337.199344
60 18 -672.253474
61 18 -71.0297983
62 18 -101.861686
63 18 40.0601538
64 18 259.71881
65 18 -236.457886
66 18 -395.821166
67 18 -50.9845272
68 18 -98.8451956
69 18 33.0079885
70 18 274.774509
71 18 -189.974126
72 18 -444.583973
1 19 -9087.46027
2 19 -26.8594198
3 19 -281.373223
4 19 38.2276628
5 19 -20691.5725
6 19 -1167.81342
7 19 -8889.83931
8 19 -36.6132095
9 19 169.029908
10 19 118.946071
11 19 -20394.4741
12 19 -1438.8171
13 19 -298208.714
14 19 47096.3819
15 19 -37908.3837
16 19 -7116.73936
17 19 -101602.791
18 19 -38921.7062
19 19 1.73194742e+09
20 19 1820339.48
21 19 -23915412.9
22 19 7832826.48
23 19 161804517
24 19 17590119.9
25 19 -5747.13798
26 19 -59.3000656
27 19 1098.89354
28 19 -617.712244
29 19 -13707.7605
30 19 -840.234865
31 19 -3688.4907
32 19 -45.4000641
33 19 1096.81165
34 19 -538.484529
35 19 -8332.01007
36 19 -423.631935
37 19 -2563.40038
38 19 -40.2766314
39 19 983.826611
40 19 -446.014683
41 19 -5693.5693
42 19 -255.212892
43 19 -1894.02934
44 19 -50.7743523
45 19 789.894814
46 19 -401.00767
47 19 -4214.32025
48 19 121.692983
49 19 -1492.25756
50 19 -53.2572904
51 19 630.225152
52 19 -383.229747
53 19 -3444.83288
54 19 82.8196439
55 19 -1185.8444
56 19 -46.1370364
57 19 528.804579
58 19 -346.126699
59 19 -2781.90602
60 19 70.1005636
61 19 -683.113102
62 19 -22.2861813
63 19 348.510577
64 19 -248.493351
65 19 -1647.10868
66 19 71.6503167
67 19 -633.977848
68 19 -32.9591756
69 19 294.057299
70 19 -209.271094
71 19 -1494.65595
72 19 108.55531
1 20 -99.413848
2 20 -9265.17988
3 20 -661.989017
4 20 20337.4671
5 20 -512.594238
6 20 209.996563
7 20 -97.0867476
8 20 -9052.97669
9 20 -744.520228
10 20 20084.5893
11 20 -345.204328
12 20 -429.834724
13 20 -62551.644
14 20 -434650.343
15 20 -205726.72
16 20 157008.661
17 20 -32420.3745
18 20 28375.2588
19 20 1820339.48
20 20 1.73834715e+09
21 20 19090671.9
22 20 -162653955
23 20 6992894.85
24 20 12131257.8
25 20 -45.8695946
26 20 -5947.98684
27 20 -382.187191
28 20 13517.5152
29 20 -718.679058
30 20 -979.495114
31 20 -24.9869074
32 20 -3925.31558
33 20 -158.458501
34 20 8181.51629
35 20 -624.870368
36 20 -1194.4327
37 20 17.3955376
38 20 -2804.60147
39 20 -10.1097474
40 20 5493.9045
41 20 -588.406413
42 20 -775.4062
43 20 -11.0443121
44 20 -2077.38234
45 20 57.9757181
46 20 3962.70568
47 20 -782.431562
48 20 -635.580155
49 20 -16.7005911
50 20 -1627.6883
51 20 20.6499096
52 20 3181.70187
53 20 -703.356395
54 20 -539.267458
55 20 -12.9112031
56 20 -1306.87419
57 20 9.45182776
58 20 2578.46797
59 20 -598.701271
60 20 -459.240146
61 20 -2.0282503
62 20 -776.074365
63 20 15.0194344
64 20 1554.60083
65 20 -376.72803
66 20 -317.65767
67 20 -14.4005939
68 20 -713.905595
69 20 27.6771102
70 20 1407.39419
71 20 -446.684706
72 20 -234.246346
1 21 1222.22194
2 21 -637.898999
3 21 -1209.68655
4 21 1742.99388
5 21 2949.53834
6 21 179.566385
7 21 1252.492
8 21 -667.91596
9 21 -1220.6392
10 21 1831.84138
11 21 3229.1965
12 21 186.0006
13 21 125988.662
14 21 -210032.871
15 21 -70515.7439
16 21 63729.2395
17 21 30151.1876
18 21 32035.7738
19 21 -23915412.9
20 21 19090671.9
21 21 1.66061849e+09
22 21 -20434254.8
23 21 -31024365.3
24 21 -2116315.96
25 21 579.296736
26 21 -329.620506
27 21 -874.775091
28 21 1096.75608
29 21 2067.49452
30 21 68.0711428
31 21 313.004657
32 21 -169.699046
33 21 -518.315533
34 21 570.054255
35 21 1205.11606
36 21 10.5532446
37 21 202.530607
38 21 -210.500891
39 21 -395.706486
40 21 485.909781
41 21 877.639164
42 21 2.36670206
43 21 193.544565
44 21 -89.8254083
45 21 -350.825285
46 21 245.438317
47 21 736.584053
48 21 -34.4926836
49 21 168.986281
50 21 -90.1345771
51 21 -311.30335
52 21 262.715435
53 21 646.809081
54 21 -33.3891642
55 21 159.293623
56 21 -76.3028197
57 21 -266.244095
58 21 234.485461
59 21 602.482621
60 21 -34.1177468
61 21 128.448085
62 21 -34.4249675
63 21 -167.364599
64 21 142.223742
65 21 445.55969
66 21 -30.3838417
67 21 98.6160552
68 21 -22.9394834
69 21 -174.941996
70 21 100.594827
71 21 395.194478
72 21 -31.6520356
1 22 -814.020418
2 22 20531.0868
3 22 1801.67604
4 22 -45778.0565
5 22 -1292.10597
6 22 251.443455
7 22 -803.37518
8 22 20102.0921
9 22 2027.87549
10 22 -45296.7381
11 22 -1724.18255
12 22 1595.87357
13 22 855.37569
14 22 159409.731
15 22 64068.7176
16 22 -94806.8258
17 22 4612.65914
18 22 -12047.2507
19 22 7832826.48
20 22 -162653955
21 22 -20434254.8
22 22 1.99132407e+09
23 22 1909208.55
24 22 -24817308.8
25 22 -535.846341
26 22 13038.4689
27 22 1188.76672
28 22 -30299.8051
29 22 -134.777727
30 22 2577.75462
31 22 -317.042323
32 22 8423.35363
33 22 606.824459
34 22 -17997.678
35 22 337.542088
36 22 2816.68211
37 22 -256.214473
38 22 6166.6802
39 22 200.811937
40 22 -12398.3431
41 22 671.92919
42 22 1859.73003
43 22 -101.897151
44 22 4552.44981
45 22 -7.8759352
46 22 -8898.12902
47 22 1378.27168
48 22 1464.64074
49 22 -63.2583227
50 22 3655.14741
51 22 58.5258728
52 22 -7315.8877
53 22 1269.9634
54 22 1270.13978
55 22 -59.634987
56 22 2954.03283
57 22 61.7187192
58 22 -5979.32317
59 22 1077.43687
60 22 1100.73759
61 22 -60.5581609
62 22 1763.98023
63 22 21.7930151
64 22 -3639.11971
65 22 660.183808
66 22 763.945537
67 22 -3.31071659
68 22 1637.34328
69 22 -28.0759384
70 22 -3314.23338
71 22 903.144297
72 22 583.399063
1 23 -21035.6639
2 23 -992.225929
3 23 189.665846
4 23 2020.02399
5 23 -49003.3151
6 23 -2697.47469
7 23 -20627.7442
8 23 -982.583371
9 23 1182.26841
10 23 2114.454
11 23 -48548.2828
12 23 -3378.95518
13 23 -112196.449
14 23 31801.1987
15 23 -2253.55708
16 23 -6165.59036
17 23 -78911.3068
18 23 -16363.5105
19 23 161804517
20 23 6992894.85
21 23 -31024365.3
22 23 1909208.55
23 23 2.01086907e+09
24 23 34839044.1
25 23 -13070.2064
26 23 -776.329532
27 23 2915.90538
28 23 -130.582924
29 23 -32495.5279
30 23 -2118.03362
31 23 -8179.76499
32 23 -573.357558
33 23 2640.54325
34 23 -363.614559
35 23 -19303.8785
36 23 -1176.8278
37 23 -5889.20077
38 23 -462.862089
39 23 2426.79999
40 23 -399.457568
41 23 -13678.2996
42 23 -680.118312
43 23 -4372.77346
44 23 -440.883752
45 23 1912.64079
46 23 -359.502203
47 23 -10154.3095
48 23 204.265564
49 23 -3552.81754
50 23 -380.046515
51 23 1573.42971
52 23 -486.783625
53 23 -8536.66366
54 23 144.611021
55 23 -2844.61783
56 23 -304.778484
57 23 1354.38279
58 23 -518.90991
59 23 -6976.26268
60 23 129.459722
61 23 -1648.84201
62 23 -157.408672
63 23 905.865624
64 23 -443.580796
65 23 -4176.39913
66 23 140.867162
67 23 -1543.54571
68 23 -204.634491
69 23 790.908601
70 23 -314.673596
71 23 -3850.25128
72 23 247.133573
1 24 -1589.77194
2 24 -986.068853
3 24 -28.8793601
4 24 2722.08567
5 24 -3760.91448
6 24 -4745.78255
7 24 -1589.31989
8 24 -1036.76303
9 24 27.5146368
10 24 2837.95002
11 24 -3703.61609
12 24 -4736.08181
13 24 -42481.308
14 24 -36614.7901
15 24 -24656.2862
16 24 14431.0506
17 24 -16685.423
18 24 -7281.12386
19 24 17590119.9
20 24 12131257.8
21 24 -2116315.96
22 24 -24817308.8
23 24 34839044.1
24 24 1.67873009e+09
25 24 -860.353977
26 24 -329.2765
27 24 166.243867
28 24 1193.03871
29 24 -2214.97544
30 24 -3133.57729
31 24 -452.890851
32 24 2.4503069
33 24 132.601379
34 24 202.455414
35 24 -1092.12986
36 24 -1661.26934
37 24 -399.194639
38 24 -42.2406293
39 24 154.98566
40 24 343.041335
41 24 -826.27605
42 24 -1238.60701
43 24 -230.133315
44 24 -136.075634
45 24 103.802322
46 24 378.169968
47 24 -563.792965
48 24 -973.667486
49 24 -216.34854
50 24 -167.173008
51 24 99.5375601
52 24 407.256461
53 24 -560.514894
54 24 -885.125198
55 24 -189.03474
56 24 -199.284339
57 24 92.21961
58 24 466.148963
59 24 -530.303633
60 24 -737.903526
61 24 -101.216634
62 24 -197.016865
63 24 57.0270038
64 24 433.673972
65 24 -354.01692
66 24 -427.693309
67 24 -83.0785631
68 24 -176.369357
69 24 49.7376258
70 24 412.293467
71 24 -308.355445
72 24 -458.171812
1 25 -4780.66739
2 25 -20.2849679
3 25 -51.1290451
4 25 44.1038342
5 25 -10973.6922
6 25 -591.219294
7 25 -4827.04372
8 25 -17.9198402
9 25 159.236844
10 25 60.4905598
11 25 -11138.6165
12 25 -742.72118
13 25 -5600.8208
14 25 -18.1330593
15 25 104.876798
16 25 -267.625332
17 25 -12751.7674
18 25 -624.37152
19 25 -5747.13798
20 25 -45.8695946
21 25 579.296736
22 25 -535.846341
23 25 -13070.2064
24 25 -860.353977
25 25 1.68116104e+09
26 25 393676.027
27 25 -8882725.17
28 25 5435328.68
29 25 108633888
30 25 7897256.11
31 25 -4842.86587
32 25 -33.8652715
33 25 1260.38533
34 25 -799.606649
35 25 -10836.8914
36 25 -539.020359
37 25 -3096.89389
38 25 -34.909387
39 25 1020.93526
40 25 -647.620237
41 25 -6814.61313
42 25 -367.059107
43 25 -1803.48016
44 25 -51.8861992
45 25 733.014343
46 25 -402.409965
47 25 -4048.25353
48 25 62.7138224
49 25 -1346.24082
50 25 -53.0254589
51 25 577.30904
52 25 -352.886503
53 25 -3140.48726
54 25 15.9402462
55 25 -1064.2168
56 25 -43.1728495
57 25 486.174664
58 25 -321.264356
59 25 -2525.92245
60 25 27.1061473
61 25 -628.884282
62 25 -22.2134279
63 25 324.137541
64 25 -231.881718
65 25 -1526.54375
66 25 49.4573838
67 25 -559.290497
68 25 -29.3563551
69 25 273.655218
70 25 -192.677517
71 25 -1343.11916
72 25 84.9497917
1 26 -81.6035106
2 26 -4994.47297
3 26 -344.041006
4 26 10972.8868
5 26 -356.984908
6 26 -33.5185217
7 26 -74.8562202
8 26 -5019.10287
9 26 -386.859281
10 26 11120.7801
11 26 -246.700313
12 26 -337.498351
13 26 -52.1071498
14 26 -5780.93764
15 26 -289.947328
16 26 12732.4882
17 26 -478.705921
18 26 328.84756
19 26 -59.3000656
20 26 -5947.98684
21 26 -329.620506
22 26 13038.4689
23 26 -776.329532
24 26 -329.2765
25 26 393676.027
26 26 1.68360099e+09
27 26 3067601.94
28 26 -108729191
29 26 5561437.26
30 26 9440078.43
31 26 -9.72532424
32 26 -5095.36589
33 26 -189.67989
34 26 10632.878
35 26 -735.400331
36 26 -1197.80206
37 26 35.3396471
38 26 -3287.93966
39 26 -37.7613026
40 26 6463.80165
41 26 -580.678796
42 26 -627.207541
43 26 -4.3307201
44 26 -1939.82078
45 26 25.1960406
46 26 3712.32401
47 26 -679.110032
48 26 -566.861923
49 26 -12.6493772
50 26 -1449.98622
51 26 -14.1027466
52 26 2836.95951
53 26 -588.058601
54 26 -496.833014
55 26 -8.81191451
56 26 -1163.61331
57 26 -11.04539
58 26 2307.50794
59 26 -504.859132
60 26 -430.422073
61 26 -0.311066231
62 26 -708.415837
63 26 4.71007568
64 26 1423.79763
65 26 -329.034298
66 26 -296.97725
67 26 -10.0769831
68 26 -630.596695
69 26 18.6833523
70 26 1256.35956
71 26 -381.948803
72 26 -229.632856
1 27 1158.62746
2 27 -365.521996
3 27 -605.220912
4 27 965.557935
5 27 2733.38515
6 27 140.337348
7 27 1173.51007
8 27 -382.501652
9 27 -644.600321
10 27 1015.24077
11 27 2884.18011
12 27 156.783569
13 27 1097.00381
14 27 -318.352503
15 27 -784.780768
16 27 956.51105
17 27 2721.32433
18 27 150.15669
19 27 1098.89354
20 27 -382.187191
21 27 -874.775091
22 27 1188.76672
23 27 2915.90538
24 27 166.243867
25 27 -8882725.17
26 27 3067601.94
27 27 1.64409924e+09
28 27 -10223926.6
29 27 -26263623.9
30 27 -1179029.04
31 27 692.886719
32 27 -243.313025
33 27 -724.541705
34 27 837.369858
35 27 2069.20494
36 27 41.1544261
37 27 397.138249
38 27 -276.400472
39 27 -524.600738
40 27 670.026734
41 27 1311.92023
42 27 29.79692
43 27 331.879906
44 27 -111.263368
45 27 -391.583626
46 27 332.083112
47 27 1008.22645
48 27 -41.7315991
49 27 276.708693
50 27 -107.565352
51 27 -328.74852
52 27 340.292337
53 27 856.077483
54 27 -36.2912712
55 27 244.721938
56 27 -83.9567329
57 27 -279.14775
58 27 287.79096
59 27 768.239669
60 27 -36.9650439
61 27 174.770905
62 27 -39.8838009
63 27 -178.258185
64 27 175.321809
65 27 535.45623
66 27 -34.1759836
67 27 145.874985
68 27 -23.6003585
69 27 -178.275971
70 27 126.252421
71 27 482.94247
72 27 -38.4956508
1 28 -481.138639
2 28 11522.7915
3 28 980.875822
4 28 -25724.8117
5 28 -804.737876
6 28 486.769046
7 28 -511.448832
8 28 11572.454
9 28 1109.52897
10 28 -26059.1642
11 28 -1150.89529
12 28 1162.07478
13 28 -640.226946
14 28 13201.4199
15 28 924.806069
16 28 -29638.8114
17 28 -751.511441
18 28 -279.308942
19 28 -617.712244
20 28 13517.5152
21 28 1096.75608
22 28 -30299.8051
23 28 -130.582924
24 28 1193.03871
25 28 5435328.68
26 28 -108729191
27 28 -10223926.6
28 28 1.89671328e+09
29 28 4612607.78
30 28 -25036686
31 28 -598.494065
32 28 11355.3604
33 28 803.738109
34 28 -24333.5551
35 28 5.49370739
36 28 2928.19435
37 28 -476.683905
38 28 7555.8078
39 28 321.692224
40 28 -15269.3285
41 28 287.013847
42 28 1585.93242
43 28 -170.999164
44 28 4428.82724
45 28 82.0308089
46 28 -8715.33098
47 28 1071.33046
48 28 1363.34878
49 28 -107.638599
50 28 3382.79073
51 28 153.460241
52 28 -6804.60142
53 28 971.267705
54 28 1219.53297
55 28 -99.0981161
56 28 2740.56876
57 28 123.279729
58 28 -5601.14645
59 28 836.290765
60 28 1077.26258
61 28 -82.0282941
62 28 1677.87894
63 28 54.2166008
64 28 -3486.7246
65 28 539.018353
66 28 745.600315
67 28 -31.0309369
68 28 1509.70053
69 28 -0.746756264
70 28 -3103.913
71 28 747.924768
72 28 594.763124
1 29 -11842.2816
2 29 -542.94634
3 29 504.506505
4 29 1061.07353
5 29 -27842.1151
6 29 -1439.61368
7 29 -11928.631
8 29 -523.147862
9 29 1006.0033
10 29 1052.90818
11 29 -28293.7058
12 29 -1846.14131
13 29 -13442.1392
14 29 -630.893344
15 29 959.247633
16 29 521.97973
17 29 -31564.6639
18 29 -1590.91981
19 29 -13707.7605
20 29 -718.679058
21 29 2067.49452
22 29 -134.777727
23 29 -32495.5279
24 29 -2214.97544
25 29 108633888
26 29 5561437.26
27 29 -26263623.9
28 29 4612607.78
29 29 1.91616131e+09
30 29 21126979.5
31 29 -11226.6782
32 29 -644.182206
33 29 3258.77928
34 29 -916.245278
35 29 -26326.9554
36 29 -1536.4864
37 29 -7483.15327
38 29 -434.665053
39 29 2721.509
40 29 -1018.87383
41 29 -17269.6506
42 29 -949.362001
43 29 -4404.60656
44 29 -399.591815
45 29 1939.46254
46 29 -535.881451
47 29 -10386.0436
48 29 101.127928
49 29 -3380.19319
50 29 -330.902767
51 29 1579.02139
52 29 -581.20134
53 29 -8264.22045
54 29 9.94807167
55 29 -2700.72579
56 29 -260.924989
57 29 1363.25544
58 29 -595.556338
59 29 -6752.749
60 29 44.9443711
61 29 -1613.09138
62 29 -143.023312
63 29 916.026918
64 29 -477.280935
65 29 -4138.38394
66 29 102.432269
67 29 -1447.28314
68 29 -178.088304
69 29 808.467125
70 29 -349.578513
71 29 -3710.21864
72 29 208.742799
1 30 -795.989255
2 30 -1234.22965
3 30 -42.2224411
4 30 2983.10782
5 30 -1897.64552
6 30 -2548.07968
7 30 -807.311301
8 30 -1231.95215
9 30 -20.8688697
10 30 3014.09233
11 30 -1883.75236
12 30 -2619.66145
13 30 -775.403935
14 30 -1066.66221
15 30 6.63539434
16 30 2834.84229
17 30 -1973.88408
18 30 -2936.33103
19 30 -840.234865
20 30 -979.495114
21 30 68.0711428
22 30 2577.75462
23 30 -2118.03362
24 30 -3133.57729
25 30 7897256.11
26 30 9440078.43
27 30 -1179029.04
28 30 -25036686
29 30 21126979.5
30 30 1.66638052e+09
31 30 -556.606816
32 30 -212.997489
33 30 135.087771
34 30 633.538608
35 30 -1398.03954
36 30 -2294.07915
37 30 -494.912729
38 30 -146.450844
39 30 163.035856
40 30 532.041016
41 30 -1058.18339
42 30 -1629.09375
43 30 -244.544985
44 30 -314.017839
45 30 106.562263
46 30 694.477372
47 30 -663.12072
48 30 -1025.58794
49 30 -232.196386
50 30 -319.560156
51 30 102.016122
52 30 683.674662
53 30 -656.479062
54 30 -866.673192
55 30 -189.287125
56 30 -323.03635
57 30 88.2908987
58 30 695.275494
59 30 -584.001057
60 30 -718.476612
61 30 -100.677934
62 30 -262.368199
63 30 54.4821677
64 30 555.985066
65 30 -380.613337
66 30 -425.207816
67 30 -75.1314612
68 30 -243.613073
69 30 45.7656356
70 30 535.67353
71 30 -328.525312
72 30 -436.462408
1 31 -3048.60236
2 31 -2.00387795
3 31 -173.829735
4 31 25.81505
5 31 -6852.58943
6 31 -340.1409
7 31 -3108.73193
8 31 -0.711949693
9 31 -31.8326224
10 31 40.8731342
11 31 -7013.19877
12 31 -423.424693
13 31 -3457.10494
14 31 -22.7035537
15 31 6.91452034
16 31 -64.9995171
17 31 -7759.65484
18 31 -417.154428
19 31 -3688.4907
20 31 -24.9869074
21 31 313.004657
22 31 -317.042323
23 31 -8179.76499
24 31 -452.890851
25 31 -4842.86587
26 31 -9.72532424
27 31 692.886719
28 31 -598.494065
29 31 -11226.6782
30 31 -556.606816
31 31 1.66996676e+09
32 31 121154.446
33 31 -9148862.51
34 31 5941107.73
35 31 76285965.5
36 31 4290012.38
37 31 -3716.28974
38 31 -48.2987339
39 31 1234.98404
40 31 -741.036128
41 31 -8169.66529
42 31 -418.743732
43 31 -2089.46734
44 31 -57.6005652
45 31 891.636918
46 31 -468.274963
47 31 -4712.60467
48 31 115.545531
49 31 -1585.62195
50 31 -59.1344323
51 31 716.508599
52 31 -417.759407
53 31 -3715.61228
54 31 52.5495159
55 31 -1283.94066
56 31 -51.1375312
57 31 609.581334
58 31 -377.630278
59 31 -3060.18445
60 31 65.3006493
61 31 -761.145444
62 31 -27.3220702
63 31 400.891543
64 31 -271.107907
65 31 -1854.6844
66 31 79.3405462
67 31 -706.324603
68 31 -38.7862765
69 31 349.537736
70 31 -228.08503
71 31 -1695.58383
72 31 125.279764
1 32 -56.6768889
2 32 -3348.64558
3 32 -213.201561
4 32 7247.4626
5 32 -272.445242
6 32 333.110631
7 32 -53.7440869
8 32 -3380.12021
9 32 -231.53992
10 32 7385.61643
11 32 -212.213179
12 32 113.252747
13 32 -74.5945681
14 32 -3701.98509
15 32 -236.302444
16 32 8046.73507
17 32 -471.996855
18 32 444.644351
19 32 -45.4000641
20 32 -3925.31558
21 32 -169.699046
22 32 8423.35363
23 32 -573.357558
24 32 2.4503069
25 32 -33.8652715
26 32 -5095.36589
27 32 -243.313025
28 32 11355.3604
29 32 -644.182206
30 32 -212.997489
31 32 121154.446
32 32 1.67270233e+09
33 32 1421033.46
34 32 -76832936.5
35 32 5454904.91
36 32 10859596.8
37 32 26.421514
38 32 -3950.13754
39 32 -38.3814432
40 32 7730.303
41 32 -758.027731
42 32 -716.016434
43 32 -6.03473885
44 32 -2248.3055
45 32 54.8310642
46 32 4291.86848
47 32 -808.782269
48 32 -684.243135
49 32 -17.3719391
50 32 -1708.16048
51 32 2.14772704
52 32 3327.16409
53 32 -714.61382
54 32 -608.966445
55 32 -15.1455954
56 32 -1402.35696
57 32 4.9192602
58 32 2768.27544
59 32 -641.532182
60 32 -526.442118
61 32 -3.37582083
62 32 -852.431455
63 32 16.7408255
64 32 1706.80191
65 32 -418.6032
66 32 -355.127035
67 32 -16.8243804
68 32 -793.233427
69 32 33.6792936
70 32 1568.19894
71 32 -503.94595
72 32 -274.983279
1 33 975.458747
2 33 -195.669725
3 33 -306.430401
4 33 525.530524
5 33 2202.79562
6 33 123.163667
7 33 1004.29821
8 33 -196.053424
9 33 -354.507055
10 33 530.260467
11 33 2337.1985
12 33 138.040296
13 33 1034.43771
14 33 -203.528669
15 33 -411.027661
16 33 602.160262
17 33 2413.48464
18 33 152.545983
19 33 1096.81165
20 33 -158.458501
21 33 -518.315533
22 33 606.824459
23 33 2640.54325
24 33 132.601379
25 33 1260.38533
26 33 -189.67989
27 33 -724.541705
