# name: debug
# type: sparse matrix
# nnz: 4356
# rows: 66
# columns: 66

1 1 100655174
2 1 15934.4588
3 1 1641661.09
4 1 341926.196
5 1 225586953
6 1 19251168.4
7 1 -8620744.43
8 1 -42488.6025
9 1 50422.9802
10 1 94679.7243
11 1 -19467767.3
12 1 -1314891.57
13 1 -6671726.71
14 1 -83246.5515
15 1 208092.688
16 1 -76890.2648
17 1 -15087771.3
18 1 -1097851.49
19 1 -4459873.45
20 1 -43197.1145
21 1 685274.838
22 1 -437225.094
23 1 -10448127.8
24 1 -880089.698
25 1 -2166590.11
26 1 -36715.6624
27 1 571638.609
28 1 -235938.793
29 1 -5466578.33
30 1 -406723.519
31 1 -1213708.05
32 1 -21379.3119
33 1 405119.481
34 1 -190961.152
35 1 -2870339.67
36 1 -205959.619
37 1 -763480.53
38 1 24119.03
39 1 321878.566
40 1 -212631.666
41 1 -1744915.7
42 1 -70768.5321
43 1 -475563.626
44 1 12246.0772
45 1 224027.545
46 1 -155818.045
47 1 -1091735.14
48 1 53488.328
49 1 -372995.847
50 1 6508.83978
51 1 188201.157
52 1 -142040.225
53 1 -901733.352
54 1 47256.9995
55 1 -285439.242
56 1 1694.36098
57 1 146750.194
58 1 -117214.042
59 1 -703856.113
60 1 25549.9413
61 1 -174591.728
62 1 563.734231
63 1 100319.939
64 1 -82869.0612
65 1 -445854.763
66 1 20171.6929
1 2 15934.4588
2 2 102222382
3 2 8747506.89
4 2 -220036774
5 2 2711890.83
6 2 -425787.364
7 2 -19825.2339
8 2 -8541807.28
9 2 -573996.102
10 2 18552588.1
11 2 -113934.741
12 2 -167353.69
13 2 -50735.8186
14 2 -6612087.06
15 2 -526364.278
16 2 14396844.3
17 2 -558548.881
18 2 238073.648
19 2 -220.148234
20 2 -4571638.77
21 2 -339668.869
22 2 10231322.8
23 2 -436871.608
24 2 -644853.611
25 2 500.196694
26 2 -2299644.26
27 2 -177639.72
28 2 5374199.43
29 2 -216271.128
30 2 -675076.836
31 2 10028.4236
32 2 -1385489.76
33 2 -89486.7765
34 2 2972179.05
35 2 -159938.305
36 2 -511565.645
37 2 28941.8862
38 2 -947240.401
39 2 1086.92693
40 2 1887023.7
41 2 -148222.386
42 2 -321115.496
43 2 12601.3442
44 2 -604557.014
45 2 27467.9702
46 2 1175698.91
47 2 -203702.433
48 2 -243939.07
49 2 8650.22477
50 2 -473339.043
51 2 20455.8552
52 2 951316.744
53 2 -190572.407
54 2 -222982.071
55 2 6548.92783
56 2 -362395.511
57 2 6364.37614
58 2 738633.588
59 2 -150288.821
60 2 -172518.187
61 2 4007.05195
62 2 -227138.617
63 2 4258.99444
64 2 472006.796
65 2 -102883.816
66 2 -121982.149
1 3 1641661.09
2 3 8747506.89
3 3 15873134.6
4 3 -23965825.7
5 3 -724785.905
6 3 -268992.718
7 3 -336421.379
8 3 -521559.666
9 3 -1235809.92
10 3 1536801.49
11 3 -308993.361
12 3 -15191.2346
13 3 -330266.918
14 3 -514772.44
15 3 -951107.89
16 3 1397910.58
17 3 -293907.348
18 3 28107.5693
19 3 -45411.4238
20 3 -348247.752
21 3 -585175.638
22 3 949276.65
23 3 312930.251
24 3 -15557.3025
25 3 30169.039
26 3 -164365.068
27 3 -280972.729
28 3 475471.998
29 3 369752.912
30 3 -19373.9403
31 3 -48504.7576
32 3 -91092.2371
33 3 -125600.476
34 3 234152.991
35 3 65206.7026
36 3 -24734.505
37 3 -36049.1744
38 3 -58628.8603
39 3 -76697.9402
40 3 124415.812
41 3 59850.0006
42 3 -9533.76049
43 3 -5601.21843
44 3 -14432.0727
45 3 -62877.0993
46 3 33418.2182
47 3 76898.4305
48 3 -3016.75372
49 3 10212.6516
50 3 -12504.5877
51 3 -60182.8802
52 3 37252.9708
53 3 93520.1393
54 3 -4677.33905
55 3 11423.7147
56 3 -16805.0838
57 3 -49939.6167
58 3 47098.2302
59 3 84493.9911
60 3 -6908.24603
61 3 16163.0672
62 3 -9703.7291
63 3 -33653.7043
64 3 34351.9496
65 3 75446.534
66 3 -6653.63823
1 4 341926.196
2 4 -220036774
3 4 -23965825.7
4 4 518364359
5 4 1120159.27
6 4 -14413815
7 4 -19113.9469
8 4 18387460.7
9 4 1613797.19
10 4 -41059146.6
11 4 -18823.4781
12 4 1140887.38
13 4 155017.927
14 4 14277127.8
15 4 1413399.94
16 4 -31884118.3
17 4 1236571.3
18 4 68534.3008
19 4 -27692.2034
20 4 10111820.9
21 4 916921.861
22 4 -22980556.1
23 4 840426.613
24 4 1704933.26
25 4 -11995.7365
26 4 5100655.45
27 4 468533.227
28 4 -12114158
29 4 389403.271
30 4 1627769.87
31 4 -19552.9511
32 4 3023099.15
33 4 239058.011
34 4 -6592531.47
35 4 302316.356
36 4 1201019.71
37 4 -52917.8126
38 4 2078664.97
39 4 24088.5692
40 4 -4223909.91
41 4 309667.117
42 4 755049.697
43 4 -14868.418
44 4 1315759.43
45 4 -48376.1183
46 4 -2604317.41
47 4 457529.889
48 4 541408.488
49 4 -9114.94505
50 4 1056497.89
51 4 -33822.4738
52 4 -2155281.93
53 4 430577.232
54 4 499374.823
55 4 -8026.81782
56 4 817691.293
57 4 -4500.78769
58 4 -1692801.78
59 4 337595.511
60 4 394021.823
61 4 -8567.55198
62 4 515025.861
63 4 -2320.91664
64 4 -1089893.63
65 4 222935.922
66 4 281124.176
1 5 225586953
2 5 2711890.83
3 5 -724785.905
4 5 1120159.27
5 5 554816507
6 5 50688662.8
7 5 -19356619.6
8 5 -299815.27
9 5 347511.404
10 5 578135.315
11 5 -45022677.8
12 5 -3208892.32
13 5 -15007218.8
14 5 -427921.074
15 5 660520.946
16 5 294980.627
17 5 -34818059.8
18 5 -2551837.11
19 5 -10224971.9
20 5 -219540.992
21 5 1673035.71
22 5 -775723.345
23 5 -24513172
24 5 -2076709.25
25 5 -5021778.29
26 5 -150190.772
27 5 1372728.62
28 5 -441691.173
29 5 -12992656
30 5 -968658.513
31 5 -2746101.68
32 5 -100561.433
33 5 927191.356
34 5 -357342.96
35 5 -6642812.74
36 5 -498859.2
37 5 -1761883.73
38 5 8322.28552
39 5 752091.757
40 5 -425844.963
41 5 -4123267.93
42 5 -182376.606
43 5 -1087358.54
44 5 -9172.38876
45 5 507256.551
46 5 -298538.59
47 5 -2548873.21
48 5 101529.033
49 5 -874585.342
50 5 -14543.8113
51 5 433209.081
52 5 -289041.284
53 5 -2151015.98
54 5 93162.2023
55 5 -678885.669
56 5 -17357.232
57 5 347040.414
58 5 -250787.893
59 5 -1706438.24
60 5 49771.614
61 5 -415589.39
62 5 -8105.33093
63 5 242268.338
64 5 -189746.364
65 5 -1085680.34
66 5 40884.7821
1 6 19251168.4
2 6 -425787.364
3 6 -268992.718
4 6 -14413815
5 6 50688662.8
6 6 70631707.3
7 6 -1062477.34
8 6 362550.938
9 6 57155.0931
10 6 19220.4775
11 6 -2585202.87
12 6 -4821871.77
13 6 -1003609.45
14 6 232559.914
15 6 76279.2948
16 6 272222.165
17 6 -2326590.57
18 6 -3699128.93
19 6 -666100.24
20 6 -63801.9735
21 6 99298.9016
22 6 495928.166
23 6 -1557845.84
24 6 -2481058.42
25 6 -308984.384
26 6 -128967.09
27 6 69985.8309
28 6 495211.441
29 6 -770711.655
30 6 -1269713.54
31 6 -157726.122
32 6 93046.0492
33 6 55500.4579
34 6 -101220.883
35 6 -348196.281
36 6 -581943.572
37 6 -87184.1234
38 6 53900.7419
39 6 33129.5129
40 6 15067.4659
41 6 -166631.049
42 6 -391542.599
43 6 -25565.3888
44 6 -16550.8648
45 6 12983.8277
46 6 90131.8003
47 6 -70839.85
48 6 -272786.913
49 6 -20993.2942
50 6 -54388.1913
51 6 12946.3599
52 6 145125.336
53 6 -76451.7665
54 6 -248225.229
55 6 -29698.7329
56 6 -55491.289
57 6 16948.6402
58 6 141755.741
59 6 -100757.678
60 6 -204392.165
61 6 -18511.4921
62 6 -59756.4151
63 6 11608.6173
64 6 139505.791
65 6 -81995.009
66 6 -128942.369
1 7 -8620744.43
2 7 -19825.2339
3 7 -336421.379
4 7 -19113.9469
5 7 -19356619.6
6 7 -1062477.34
7 7 85387263.9
8 7 144519.566
9 7 -3558035.01
10 7 76437.6511
11 7 194905138
12 7 16400345.4
13 7 -6311720.31
14 7 -70003.2382
15 7 298059.04
16 7 -104067.699
17 7 -14384392.3
18 7 -1066280.24
19 7 -4356766.88
20 7 -39205.5385
21 7 699863.106
22 7 -436934.809
23 7 -10235764.6
24 7 -882021.485
25 7 -2197683.71
26 7 -31883.881
27 7 580064.029
28 7 -254922.05
29 7 -5528100.94
30 7 -413876.665
31 7 -1251329.85
32 7 -19061.587
33 7 420879.791
34 7 -202933.262
35 7 -2957951.44
36 7 -204509.613
37 7 -806929.498
38 7 19814.1686
39 7 341536.88
40 7 -214581.291
41 7 -1845228.05
42 7 -72509.8305
43 7 -498793.41
44 7 10219.1254
45 7 238684.951
46 7 -160336.287
47 7 -1149671.64
48 7 59672.1207
49 7 -395086.946
50 7 5529.12046
51 7 200495.485
52 7 -149534.816
53 7 -956305.01
54 7 52151.5254
55 7 -304748.057
56 7 1145.35406
57 7 157592.484
58 7 -124255.298
59 7 -752683.362
60 7 29475.2666
61 7 -188367.003
62 7 196.257482
63 7 107901.228
64 7 -87872.6343
65 7 -480373.222
66 7 23333.1493
1 8 -42488.6025
2 8 -8541807.28
3 8 -521559.666
4 8 18387460.7
5 8 -299815.27
6 8 362550.938
7 8 144519.566
8 8 86913544
9 8 6585093.75
10 8 -190952410
11 8 629711.604
12 8 7940348.73
13 8 -57242.4713
14 8 -6281586.33
15 8 -525763.531
16 8 13795637.7
17 8 -544123.802
18 8 81337.5819
19 8 -1790.67443
20 8 -4448007.35
21 8 -354808.462
22 8 9979367.51
23 8 -423453.775
