# name: debug
# type: sparse matrix
# nnz: 4356
# rows: 66
# columns: 66

1 1 1.07673124e+09
2 1 96842.0053
3 1 2570207.15
4 1 117869.792
5 1 250955746
6 1 21195355.9
7 1 -27440.3991
8 1 -145.059842
9 1 -402.986461
10 1 423.248839
11 1 -61321.6602
12 1 -3644.79045
13 1 -22410.4785
14 1 -328.973933
15 1 134.196768
16 1 -96.3675516
17 1 -50034.2941
18 1 -3155.54148
19 1 -15390.4472
20 1 -168.356445
21 1 2070.82811
22 1 -1378.53144
23 1 -35626.8461
24 1 -2692.09836
25 1 -8094.70289
26 1 -137.945178
27 1 1963.00789
28 1 -815.453365
29 1 -20052.6581
30 1 -1347.00555
31 1 -5163.95639
32 1 -95.9399903
33 1 1652.35926
34 1 -754.090776
35 1 -12021.7798
36 1 -766.231174
37 1 -3541.31922
38 1 6.42168508
39 1 1439.92294
40 1 -760.02614
41 1 -7956.8314
42 1 -302.582848
43 1 -2417.04329
44 1 -20.0657788
45 1 1124.34081
46 1 -624.731852
47 1 -5495.1347
48 1 244.04726
49 1 -1892.27455
50 1 -32.7668298
51 1 940.228414
52 1 -584.449545
53 1 -4528.20778
54 1 202.836376
55 1 -1468.613
56 1 -39.1977028
57 1 733.681931
58 1 -495.23051
59 1 -3571.70131
60 1 118.577408
61 1 -888.879206
62 1 -21.1859502
63 1 498.411985
64 1 -364.064145
65 1 -2237.03389
66 1 99.8122451
1 2 96842.0053
2 2 1.07813497e+09
3 2 9885282.56
4 2 -244021857
5 2 3264653.96
6 2 -1492993.44
7 2 -87.4881438
8 2 -27029.4341
9 2 -1672.84261
10 2 58155.7878
11 2 -526.792166
12 2 182.610919
13 2 -243.88187
14 2 -22000.012
15 2 -1630.88802
16 2 47373.5331
17 2 -2087.16378
18 2 1535.2285
19 2 -45.5041859
20 2 -15691.6721
21 2 -1079.95257
22 2 34772.7114
23 2 -1680.78028
24 2 -1671.48384
25 2 -34.2200117
26 2 -8457.10052
27 2 -618.32935
28 2 19512.165
29 2 -919.186007
30 2 -2092.23921
31 2 -3.38701532
32 2 -5672.36805
33 2 -331.047794
34 2 12027.9482
35 2 -787.855983
36 2 -1928.28456
37 2 70.9587334
38 2 -4068.73505
39 2 25.716582
40 2 7994.9632
41 2 -766.331662
42 2 -1236.74138
43 2 10.7455746
44 2 -2810.52915
45 2 142.275311
46 2 5395.80816
47 2 -1045.04636
48 2 -1044.95381
49 2 0.53017167
50 2 -2196.39156
51 2 95.415371
52 2 4346.27303
53 2 -953.606295
54 2 -956.026389
55 2 -0.0243331633
56 2 -1702.69978
57 2 35.376487
58 2 3416.02243
59 2 -766.856568
60 2 -727.74124
61 2 4.35914659
62 2 -1055.56234
63 2 25.6480802
64 2 2160.0795
65 2 -506.426819
66 2 -510.950055
1 3 2570207.15
2 3 9885282.56
3 3 982061172
4 3 -26684936.7
5 3 792207.904
6 3 -300235.67
7 3 -1656.07037
8 3 -1505.50278
9 3 -4083.16076
10 3 4514.48699
11 3 -2278.03387
12 3 -46.4069055
13 3 -1710.63707
14 3 -1595.73676
15 3 -3311.51322
16 3 4342.47134
17 3 -2303.88601
18 3 94.6350167
19 3 -475.57154
20 3 -1120.79724
21 3 -2048.84656
22 3 3050.46352
23 3 323.687847
24 3 -48.8530549
25 3 -85.3239433
26 3 -581.913745
27 3 -1024.9198
28 3 1659.45651
29 3 857.752552
30 3 -71.3690338
31 3 -294.436861
32 3 -360.815351
33 3 -519.096194
34 3 903.284065
35 3 74.1528103
36 3 -101.164002
37 3 -237.135344
38 3 -270.413169
39 3 -338.17452
40 3 533.985929
41 3 122.937656
42 3 -38.6105245
43 3 -59.7737864
44 3 -78.7231658
45 3 -306.28349
46 3 157.863438
47 3 320.143024
48 3 -14.1661814
49 3 22.8606708
50 3 -76.5105231
51 3 -293.859661
52 3 194.759194
53 3 402.288367
54 3 -24.0313618
55 3 29.0865033
56 3 -89.6199303
57 3 -247.510833
58 3 225.280792
59 3 364.503998
60 3 -31.8337575
61 3 64.7699195
62 3 -47.5275289
63 3 -165.58707
64 3 155.705346
65 3 342.915511
66 3 -29.6387715
1 4 117869.792
2 4 -244021857
3 4 -26684936.7
4 4 1.53420714e+09
5 4 2192.20505
6 4 -13483801.8
7 4 73.9120351
8 4 57657.5841
9 4 4748.72913
10 4 -127362.887
11 4 675.31531
12 4 2023.34163
13 4 724.666689
14 4 47054.2484
15 4 4412.51275
16 4 -103885.881
17 4 4795.01568
18 4 -1361.66879
19 4 64.9131202
20 4 34444.6837
21 4 2950.90276
22 4 -77534.0948
23 4 3422.2582
24 4 4613.4062
25 4 74.1017516
26 4 18580.6638
27 4 1633.51958
28 4 -43562.0988
29 4 1795.6367
30 4 5056.58242
31 4 43.7830127
32 4 12276.5756
33 4 889.174655
34 4 -26460.1096
35 4 1592.09851
36 4 4492.66968
37 4 -83.4333202
38 4 8866.16192
39 4 52.4911261
40 4 -17762.44
41 4 1663.044
42 4 2889.47779
43 4 48.8029372
44 4 6079.56497
45 4 -260.642648
46 4 -11877.1706
47 4 2359.45308
48 4 2302.67032
49 4 58.7154617
50 4 4866.67502
51 4 -157.951259
52 4 -9776.0375
53 4 2162.96923
54 4 2122.07759
55 4 44.6426748
56 4 3818.13192
57 4 -36.4581941
58 4 -7778.94645
59 4 1740.82499
60 4 1650.80873
61 4 -1.87647309
62 4 2377.88098
63 4 -25.3805693
64 4 -4956.32748
65 4 1105.30735
66 4 1170.21288
1 5 250955746
2 5 3264653.96
3 5 792207.904
4 5 2192.20505
5 5 1.57606677e+09
6 5 54877962.3
7 5 -61064.0146
8 5 -1059.36489
9 5 -182.235756
10 5 2469.23938
11 5 -140270.924
12 5 -8883.72137
13 5 -49943.1047
14 5 -1591.91055
15 5 899.811017
16 5 1566.0746
17 5 -114335.37
18 5 -7323.47854
19 5 -35043.5759
20 5 -868.201456
21 5 4997.65849
22 5 -2187.99584
23 5 -82995.111
24 5 -6368.90902
25 5 -18580.7109
26 5 -603.619144
27 5 4631.46081
28 5 -1365.22893
29 5 -47145.2771
30 5 -3211.60123
31 5 -11607.3498
32 5 -461.396353
33 5 3731.51923
34 5 -1310.49699
35 5 -27612.4745
36 5 -1867.9707
37 5 -8124.47533
38 5 -208.091859
39 5 3321.58791
40 5 -1422.16187
41 5 -18664.7855
42 5 -778.29943
43 5 -5494.05004
44 5 -223.956228
45 5 2519.98993
46 5 -1139.11423
47 5 -12734.7088
48 5 466.082398
49 5 -4409.11402
50 5 -220.606656
51 5 2136.78888
52 5 -1146.18241
53 5 -10719.1205
54 5 399.062841
55 5 -3472.53092
56 5 -201.348043
57 5 1712.97609
58 5 -1023.03489
59 5 -8596.95965
60 5 234.609201
61 5 -2101.55995
62 5 -97.8880761
63 5 1188.96688
64 5 -818.57667
65 5 -5405.08676
66 5 205.579392
1 6 21195355.9
2 6 -1492993.44
3 6 -300235.67
4 6 -13483801.8
5 6 54877962.3
6 6 1.04138734e+09
7 6 -2849.9928
8 6 1865.65243
9 6 177.724195
10 6 -1530.04804
11 6 -6940.10345
12 6 -14387.3278
13 6 -2844.63118
14 6 1561.35328
15 6 237.032299
16 6 -809.221757
17 6 -6553.96253
18 6 -11687.527
19 6 -1977.50054
20 6 354.072126
21 6 304.047782
22 6 429.286538
23 6 -4567.9172
24 6 -8038.66133
25 6 -1000.27257
26 6 -59.1640459
27 6 237.363249
28 6 829.905859
29 6 -2436.25606
30 6 -4315.00072
31 6 -575.750889
32 6 564.279995
33 6 208.470252
34 6 -812.22263
35 6 -1214.57585
36 6 -2233.85083
37 6 -370.618748
38 6 389.887247
39 6 131.364535
40 6 -266.602961
41 6 -645.049626
42 6 -1594.98574
43 6 -128.152555
44 6 20.1448869
45 6 57.7169315
46 6 221.498132
47 6 -297.901963
48 6 -1188.21672
49 6 -117.429724
50 6 -165.298264
51 6 64.2515273
52 6 489.960468
53 6 -347.337711
54 6 -1081.17381
55 6 -150.108545
56 6 -173.379451
57 6 80.161548
58 6 483.106597
59 6 -440.517224
60 6 -903.118627
61 6 -89.925085
62 6 -218.092801
63 6 52.9453167
64 6 522.207684
65 6 -350.000512
66 6 -564.001701
1 7 -27440.3991
2 7 -87.4881438
3 7 -1656.07037
4 7 73.9120351
5 7 -61064.0146
6 7 -2849.9928
7 7 1.05802398e+09
8 7 176206.176
9 7 -3657606.77
10 7 15337.7317
11 7 213957943
12 7 17669086.8
13 7 -21174.3824
14 7 -291.070912
15 7 480.383422
16 7 -171.765519
17 7 -47657.5506
18 7 -3059.31085
19 7 -15055.2171
20 7 -164.387949
21 7 2121.83708
22 7 -1360.5674
23 7 -34934.6361
24 7 -2691.57458
25 7 -8172.8092
26 7 -126.512816
27 7 1987.96899
28 7 -866.81102
29 7 -20197.6878
30 7 -1366.41713
31 7 -5265.20947
32 7 -90.9738183
33 7 1700.81494
34 7 -784.35161
35 7 -12267.0953
36 7 -757.483493
37 7 -3670.33952
38 7 -2.84470367
39 7 1501.38722
40 7 -772.512884
41 7 -8266.73718
42 7 -305.556754
43 7 -2479.71097
44 7 -23.0411778
45 7 1167.57585
46 7 -642.65397
47 7 -5662.04342
48 7 267.371537
49 7 -1955.72921
50 7 -32.4254902
51 7 973.873579
52 7 -613.804616
53 7 -4687.63465
54 7 221.019253
55 7 -1531.90108
56 7 -39.5874322
57 7 769.773652
58 7 -520.344499
59 7 -3736.20465
60 7 136.074325
61 7 -938.781725
62 7 -22.4927058
63 7 526.701126
64 7 -380.638095
65 7 -2365.00515
66 7 115.415562
1 8 -145.059842
2 8 -27029.4341
3 8 -1505.50278
4 8 57657.5841
5 8 -1059.36489
6 8 1865.65243
7 8 176206.176
8 8 1.05950512e+09
9 8 7160080.53
10 8 -209189294
11 8 765995.544
12 8 8159859.72
13 8 -264.388988
14 8 -20921.7123
15 8 -1629.57764
16 8 45437.5737
17 8 -2039.29859
18 8 1016.83663
19 8 -61.9677618
20 8 -15331.6438
21 8 -1130.94804
