# name: debug
# type: sparse matrix
# nnz: 7056
# rows: 84
# columns: 84

1 1 307760737
2 1 50217.5268
3 1 12122377.8
4 1 536759.026
5 1 387966049
6 1 32380352.7
7 1 -12695364.1
8 1 -37804.0235
9 1 -606854.605
10 1 62817.0745
11 1 -15994728.5
12 1 -887876.772
13 1 -10176699.4
14 1 -107595.334
15 1 -360351.799
16 1 -35420.6617
17 1 -12705649.3
18 1 -792314.534
19 1 -6770711.27
20 1 -26929.1329
21 1 428002.48
22 1 -350972.494
23 1 -8690891.74
24 1 -634415.291
25 1 -3002603.15
26 1 -20596.7628
27 1 489959.007
28 1 -146554.74
29 1 -4118696.84
30 1 -314004.44
31 1 -1579544.11
32 1 -2167.33592
33 1 301115.59
34 1 -103388.338
35 1 -2017982.38
36 1 -154866.255
37 1 -894517.715
38 1 13519.1009
39 1 205929.877
40 1 -85613.367
41 1 -1108602.38
42 1 -33530.0192
43 1 -552928.995
44 1 4000.87616
45 1 197682.541
46 1 -59351.669
47 1 -661276.172
48 1 48805.8588
49 1 -519042.892
50 1 2174.29249
51 1 213849.175
52 1 -63119.5708
53 1 -625182.528
54 1 56593.9396
55 1 -396487.032
56 1 22.8864881
57 1 164935.745
58 1 -54092.7403
59 1 -473907.188
60 1 31202.0141
61 1 -238998.398
62 1 -1438.45119
63 1 99302.0903
64 1 -34566.8292
65 1 -290488.209
66 1 24880.073
67 1 -367351.192
68 1 -25486.8312
69 1 178728.866
70 1 3044.18385
71 1 -168845.349
72 1 5959.16435
73 1 -30908.189
74 1 -525.592182
75 1 13178.3255
76 1 -5169.313
77 1 -37375.6044
78 1 1680.9209
79 1 -25483.7996
80 1 -191.662524
81 1 11064.1067
82 1 -5223.28732
83 1 -31267.0274
84 1 598.87405
1 2 50217.5268
2 2 311834744
3 2 23824899.7
4 2 -378357308
5 2 4563417
6 2 -5566593.08
7 2 -15265.6515
8 2 -12626220.3
9 2 -607481.04
10 2 15388941.6
11 2 -102042.435
12 2 351951.046
13 2 -83138.7736
14 2 -10074974.2
15 2 -620036.033
16 2 12191907.2
17 2 -509271.373
18 2 619528.34
19 2 -1488.27509
20 2 -6879793.15
21 2 -369145.215
22 2 8573973.08
23 2 -367753.156
24 2 -280914.1
25 2 4898.61726
26 2 -3092241.05
27 2 -197156.692
28 2 4040728.46
29 2 -122330.737
30 2 -428150.637
31 2 14155.9773
32 2 -1642706.81
33 2 -74486.6413
34 2 1983413.95
35 2 -65670.8728
36 2 -324209.99
37 2 11648.2412
38 2 -934286.941
39 2 30278.0436
40 2 1073079.98
41 2 -74798.7265
42 2 -181683.978
43 2 -400.156916
44 2 -590931.705
45 2 57458.1645
46 2 631623.881
47 2 -99582.8538
48 2 -169687.324
49 2 -1587.23095
50 2 -556995.26
51 2 59954.7937
52 2 585150.744
53 2 -110739.543
54 2 -184353.092
55 2 524.083908
56 2 -426628.68
57 2 30644.0512
58 2 440017.73
59 2 -81697.1435
60 2 -137539.833
61 2 -1327.68857
62 2 -261359.273
63 2 21076.9631
64 2 275491.205
65 2 -59440.6498
66 2 -79462.2
67 2 -12300.2055
68 2 -417174.632
69 2 -69878.0715
70 2 187991.821
71 2 -36001.2904
72 2 -39364.9784
73 2 -437.814252
74 2 -33494.7443
75 2 793.357912
76 2 34530.1118
77 2 -7433.44993
78 2 -11098.2326
79 2 -130.300906
80 2 -27333.7551
81 2 486.494608
82 2 28506.295
83 2 -6153.06318
84 2 -9622.16663
1 3 12122377.8
2 3 23824899.7
3 3 55659465.5
4 3 -40135078.5
5 3 5356713.95
6 3 -401191.986
7 3 -1131432.13
8 3 -512479.4
9 3 -1819418.83
10 3 1023817.03
11 3 -995198.605
12 3 -15959.9651
13 3 -1029129.62
14 3 -606836.626
15 3 -1439481.82
16 3 1019446.78
17 3 -879231.521
18 3 19751.9292
19 3 -368408.599
20 3 -368975.561
21 3 -824450.905
22 3 640403.13
23 3 -147263.28
24 3 -15012.0904
25 3 -44739.5317
26 3 -200874.801
27 3 -301759.378
28 3 342216.116
29 3 109987.342
30 3 -17532.4222
31 3 -85423.6407
32 3 -102066.064
33 3 -110908.252
34 3 149630.49
35 3 -21768.28
36 3 -20753.4105
37 3 -39227.7872
38 3 -30381.2724
39 3 -65351.7322
40 3 45023.193
41 3 7171.61744
42 3 -2454.70684
43 3 31838.4563
44 3 15076.7565
45 3 -50572.9233
46 3 -9639.71289
47 3 61656.1105
48 3 1417.84852
49 3 53831.6773
50 3 18990.9072
51 3 -50558.3529
52 3 -12254.1463
53 3 77905.7179
54 3 262.641979
55 3 40746.23
56 3 780.351383
57 3 -37157.303
58 3 7491.43805
59 3 55710.1022
60 3 -3040.58518
61 3 25653.8315
62 3 2333.33319
63 3 -25098.2682
64 3 3185.54354
65 3 37970.139
66 3 -2231.82958
67 3 108670.29
68 3 -51073.748
69 3 -60398.0722
70 3 12005.4745
71 3 36052.9471
72 3 2077.72248
73 3 3226.29774
74 3 224.939384
75 3 -3026.84835
76 3 703.136222
77 3 4834.17085
78 3 -130.049564
79 3 2943.6248
80 3 102.856452
81 3 -2693.3848
82 3 831.294612
83 3 4392.10162
84 3 -27.1522307
1 4 536759.026
2 4 -378357308
3 4 -40135078.5
4 4 535094444
5 4 -11109.5714
6 4 -11669268
7 4 -31962.5092
8 4 15294019.3
9 4 1103658.52
10 4 -19422988.2
11 4 29626.511
12 4 96235.1556
13 4 158273.55
14 4 12139668.3
15 4 1040896.62
16 4 -15292515.6
17 4 688256.764
18 4 -341989.582
19 4 -29864.385
20 4 8505747.19
21 4 642702.036
22 4 -10949869.3
23 4 398513.158
24 4 590631.314
25 4 -16301.9167
26 4 3820417.64
27 4 319977.858
28 4 -5168846.17
29 4 106969.894
30 4 625042.225
31 4 -16485.6021
32 4 1972064.49
33 4 124051.903
34 4 -2470397.51
35 4 58357.677
36 4 439776.566
37 4 -12901.0662
38 4 1125907.5
39 4 -14831.394
40 4 -1356144.9
41 4 83390.0185
42 4 243973.516
43 4 1524.84412
44 4 671828.361
45 4 -58332.1128
46 4 -745992.941
47 4 112855.688
48 4 195827.085
49 4 3755.48851
50 4 624141.346
51 4 -63068.9329
52 4 -677298.337
53 4 127804.8
54 4 203464.463
55 4 387.465098
56 4 470954.859
57 4 -28573.2319
58 4 -502666.898
59 4 91612.7267
60 4 149553.469
61 4 2677.54584
62 4 294360.793
63 4 -20549.4166
64 4 -322342.553
65 4 68105.0205
66 4 88917.2401
67 4 -28894.986
68 4 696501.525
69 4 123089.578
70 4 -237746.037
71 4 37335.4351
72 4 39090.0869
73 4 560.709133
74 4 37026.722
75 4 -574.208894
76 4 -39680.7677
77 4 8319.21363
78 4 12407.9076
79 4 210.290163
80 4 30602.26
81 4 -284.435542
82 4 -33188.2834
83 4 6957.61121
84 4 10884.7005
1 5 387966049
2 5 4563417
3 5 5356713.95
4 5 -11109.5714
5 5 571997645
6 5 51647772
7 5 -15987353.4
8 5 -216395.535
9 5 -498001.031
10 5 276871.073
11 5 -21061478.8
12 5 -1347856.8
13 5 -12728839.3
14 5 -360802.342
15 5 -225066.674
16 5 230776.582
17 5 -16581091.2
18 5 -1118052.21
19 5 -8640981.93
20 5 -132310.524
21 5 677698.379
22 5 -352113.525
23 5 -11589105.9
24 5 -922792.756
25 5 -3849073.42
26 5 -75623.8884
27 5 673796.31
28 5 -152827.842
29 5 -5533091.94
30 5 -449806.859
31 5 -1960690.91
32 5 -36017.9949
33 5 392106.94
34 5 -108724.868
35 5 -2617162.44
36 5 -221772.161
37 5 -1125205.83
38 5 -4191.26962
39 5 267969.398
40 5 -95084.1252
41 5 -1470437.73
42 5 -64292.3146
43 5 -643236.119
44 5 -7616.74112
45 5 228108.7
46 5 -62397.7454
47 5 -801967.927
48 5 44847.5418
49 5 -593090.228
50 5 -9390.09092
51 5 237608.028
52 5 -62808.8596
53 5 -739049.056
54 5 55837.6908
55 5 -449921.123
56 5 -8467.21231
57 5 181046.931
58 5 -55696.2598
59 5 -557370.301
60 5 28167.8817
61 5 -277283.142
62 5 -7780.42155
63 5 112598.335
64 5 -36674.2934
65 5 -351373.909
66 5 23724.6324
67 5 -647282.649
68 5 -7626.00433
69 5 320303.416
70 5 2677.05017
71 5 -201269.797
72 5 6664.41123
73 5 -35223.0015
74 5 -1280.23266
75 5 14814.3974
76 5 -5569.05052
77 5 -44355.0659
78 5 1388.31534
79 5 -29427.3012
80 5 -788.86071
81 5 12617.5982
82 5 -5822.42984
83 5 -37547.6606
84 5 204.392807
1 6 32380352.7
2 6 -5566593.08
3 6 -401191.986
4 6 -11669268
5 6 51647772
6 6 82736307.6
7 6 -678527.639
8 6 808903.744
9 6 39997.1474
10 6 -462351.94
11 6 -1056462.02
12 6 -2196042.05
13 6 -709454.737
14 6 637872.835
15 6 44856.0526
16 6 -290011.075
17 6 -997089.589
18 6 -1717328.22
19 6 -454707.506
20 6 237135.644
21 6 45086.9194
22 6 -49884.0181
23 6 -660125.02
24 6 -1115848.56
25 6 -230706.565
26 6 5146.26952
27 6 35344.2426
28 6 92693.9148
29 6 -342988.309
30 6 -468622.59
31 6 -109931.351
32 6 94643.8502
33 6 22386.1652
34 6 -75539.2242
35 6 -145946.634
36 6 -176219.105
37 6 -32537.9224
38 6 35110.7581
39 6 2683.11106
40 6 -12601.1416
41 6 -45499.156
42 6 -108330.27
43 6 12162.5797
44 6 -33850.7794
45 6 -2784.23607
46 6 40691.0534
47 6 1274.16038
48 6 -61498.1569
49 6 18347.8062
50 6 -55493.8649
51 6 -2485.53134
52 6 57534.8749
53 6 7068.55176
54 6 -56978.2646
55 6 -915.531403
56 6 -42216.3634
57 6 2288.18389
58 6 41965.4389
59 6 -13208.4192
60 6 -40983.0554
61 6 -365.624519
62 6 -28635.9205
63 6 1493.94705
64 6 30643.5314
65 6 -10256.6133
66 6 -27775.8908
67 6 -80039.2103
68 6 -166754.506
69 6 19141.1499
70 6 6883.21065
71 6 -5403.19834
72 6 -26096.3966
73 6 -37.8957784
74 6 -3580.0354
75 6 -9.10113293
76 6 3909.31599
77 6 -1121.3274
78 6 -3409.51862
79 6 10.9267388
80 6 -3251.48796
81 6 -27.6516318
82 6 3549.34207
83 6 -918.672171
84 6 -3065.03146
1 7 -12695364.1
2 7 -15265.6515
3 7 -1131432.13
4 7 -31962.5092
5 7 -15987353.4
6 7 -678527.639
7 7 265052748
8 7 292767.157
9 7 -3166334.08
10 7 257707.821
11 7 335229881
12 7 27173156.7
13 7 -9662562.1
14 7 -98502.8504
15 7 -176825.961
16 7 -48298.1977
17 7 -12161136.4
18 7 -772741.915
19 7 -6738022.79
20 7 -27181.947
21 7 451547.25
22 7 -351261.488
23 7 -8635501.22
24 7 -632829.146
25 7 -3134598.87
26 7 -18037.9032
27 7 488999.823
28 7 -156119.272
29 7 -4255395.31
30 7 -314996.554
31 7 -1703794.04
32 7 -2705.86393
33 7 307607.695
34 7 -106813.462
35 7 -2146502.9
36 7 -152771.299
37 7 -1035632.29
38 7 11967.2169
39 7 224737.274
40 7 -91777.3604
41 7 -1254681.09
42 7 -26542.1426
43 7 -651682.166
44 7 2428.80424
45 7 223433.076
46 7 -64805.5267
47 7 -770798.474
48 7 68485.8949
49 7 -591751.068
50 7 321.189748
51 7 234829.45
52 7 -67440.1451
53 7 -707274.82
54 7 73641.4553
55 7 -442503.311
56 7 -1588.36108
57 7 177247.579
58 7 -57066.9397
59 7 -526956.014
60 7 39092.5572
61 7 -264688.235
62 7 -2690.3842
63 7 107364.826
64 7 -35939.0942
65 7 -321004.464
66 7 29395.9947
67 7 -460798.473
68 7 -24063.1162
69 7 228909.935
70 7 -790.621241
71 7 -175968.704
72 7 7602.50994
73 7 -33474.0436
74 7 -572.569174
75 7 14053.4453
76 7 -5428.93028
77 7 -40291.7917
78 7 2109.19442
79 7 -27761.6124
80 7 -216.870065
81 7 11866.6112
82 7 -5529.0484
83 7 -33891.768
84 7 916.437228
1 8 -37804.0235
2 8 -12626220.3
3 8 -512479.4
4 8 15294019.3
5 8 -216395.535
6 8 808903.744
7 8 292767.157
8 8 268927494
9 8 17684433.1
10 8 -328684393
11 8 1138790.84
12 8 8914586.64
13 8 -95063.9957
14 8 -9624729.12
15 8 -628259.606
16 8 11751983.4
17 8 -503440.443
18 8 482637.67
19 8 -7088.5136
20 8 -6841397.46
21 8 -387116.876
22 8 8514813.04
23 8 -371447.522
24 8 -285691.65
25 8 5936.52473
26 8 -3213833.83
27 8 -201683.777
28 8 4169241.11
29 8 -126282.574
30 8 -409614.715
31 8 14160.8023
32 8 -1758263.13
33 8 -70640.6286
34 8 2100187.65
35 8 -74913.8313
36 8 -322483.091
37 8 12802.1952
38 8 -1071319.77
39 8 43797.1414
40 8 1211832.27
41 8 -88697.5157
42 8 -189747.918
43 8 609.801602
44 8 -687429.789
45 8 76720.0725
46 8 736523.41
47 8 -117714.174
48 8 -186330.164
49 8 -275.016393
50 8 -625374.168
51 8 75823.089
52 8 661072.489
53 8 -125559.147
54 8 -197550.474
55 8 1627.00582
56 8 -468155.93
57 8 37433.4985
58 8 486439.41
59 8 -90821.2123
60 8 -143741.171
61 8 -709.917424
62 8 -284467.6
63 8 24526.1509
64 8 301048.425
65 8 -65365.7659
66 8 -83430.4986
67 8 -9338.3688
68 8 -512407.112
69 8 -83896.7337
70 8 184971.277
71 8 -34376.1689
72 8 -42669.3869
73 8 -357.153878
74 8 -35656.7217
75 8 1041.78626
76 8 36755.5058
77 8 -7951.55142
78 8 -11573.7195
79 8 -59.3542361
80 8 -29280.56
81 8 704.342202
82 8 30509.033
83 8 -6639.27141
84 8 -10100.2819
1 9 -606854.605
2 9 -607481.04
3 9 -1819418.83
4 9 1103658.52
5 9 -498001.031
6 9 39997.1474
7 9 -3166334.08
8 9 17684433.1
9 9 45933935.7
10 9 -31473123.5
11 9 -15087224
12 9 -518511.129
13 9 -406575.354
14 9 -681871.414
15 9 -1288470
16 9 1112739.83
17 9 -169230.228
18 9 51745.7981
19 9 -74047.7028
20 9 -438662.638
21 9 -811957.887
22 9 739648.592
23 9 207033.716
24 9 4523.66496
25 9 50477.0393
26 9 -227884.467
27 9 -320765.761
28 9 381884.18
29 9 234989.298
30 9 -10416.3318
31 9 -43218.3496
32 9 -113710.071
33 9 -126332.874
34 9 163879.594
35 9 35555.6781
36 9 -17558.7504
37 9 -18800.3926
38 9 -36327.0498
39 9 -78273.4708
40 9 50192.9033
41 9 38917.8099
42 9 -1920.7041
43 9 56458.8175
44 9 21504.9949
45 9 -65856.4946
46 9 -16371.9968
47 9 94750.151
48 9 -413.621061
49 9 78700.9976
50 9 24936.0031
51 9 -65581.2135
52 9 -17465.5335
53 9 110621.008
54 9 -2258.26912
55 9 58770.5147
56 9 1318.39188
57 9 -48503.4368
58 9 8449.83136
59 9 78341.8879
60 9 -5089.06541
61 9 37230.2299
62 9 2235.30577
63 9 -32445.1072
64 9 4379.85887
65 9 52929.4138
66 9 -3952.29768
67 9 154022.425
68 9 -69684.2162
69 9 -85145.2546
70 9 12511.3544
71 9 43305.8876
72 9 356.402705
73 9 4716.31241
74 9 189.447487
75 9 -3896.36362
76 9 940.978663
77 9 6780.86525
78 9 -289.425996
79 9 4198.84793
80 9 78.6058737
81 9 -3436.4291
82 9 1063.14364
83 9 6060.24584
84 9 -119.200064
1 10 62817.0745
2 10 15388941.6
3 10 1023817.03
4 10 -19422988.2
5 10 276871.073
6 10 -462351.94
7 10 257707.821
8 10 -328684393
9 10 -31473123.5
10 10 466274416
11 10 5566062.37
12 10 -27760266
13 10 204584.697
14 10 11772698.8
15 10 1064599.55
16 10 -14933673
17 10 713731.81
18 10 -236093.312
19 10 5675.5842
20 10 8502054.15
21 10 676536.251
22 10 -10933369.2
23 10 430365.4
24 10 588802.898
25 10 -7600.85647
26 10 3970253.81
27 10 329151.057
28 10 -5332879.4
29 10 121299.014
30 10 604933.605
31 10 -8767.00081
32 10 2103388.09
33 10 118548.671
34 10 -2605335.37
35 10 78037.7203
36 10 440101.312
37 10 -8357.93996
38 10 1281462.62
39 10 -32501.8423
40 10 -1514942.31
41 10 105202.917
42 10 256461.943
43 10 4696.53056
44 10 788096.943
45 10 -83420.5321
46 10 -872374.069
47 10 139956.496
48 10 216367.542
49 10 6083.06427
50 10 709188.236
51 10 -84145.8572
52 10 -771133.257
53 10 150966.086
54 10 220339.352
55 10 2059.03554
56 10 524412.069
57 10 -37761.7458
58 10 -562089.237
59 10 107036.995
60 10 157740.57
61 10 4121.85404
62 10 324158.181
63 10 -25566.0355
64 10 -355317.23
65 10 78474.7718
66 10 93853.1114
67 10 -45966.1221
68 10 897269.513
69 10 157565.893
70 10 -235460.79
71 10 36268.3968
72 10 45231.4292
73 10 705.471754
74 10 39743.9139
75 10 -993.08582
76 10 -42522.2012
77 10 9281.2083
78 10 13084.0008
79 10 323.603822
80 10 33031.378
81 10 -646.861519
82 10 -35728.4374
83 10 7823.4807
84 10 11553.1966
1 11 -15994728.5
2 11 -102042.435
3 11 -995198.605
4 11 29626.511
5 11 -21061478.8
6 11 -1056462.02
7 11 335229881
8 11 1138790.84
9 11 -15087224
10 11 5566062.37
11 11 496033851
12 11 43627031.1
13 11 -12168578.7
14 11 -260805.601
15 11 79643.9329
16 11 74739.5041
17 11 -15999604.9
18 11 -1077954.29
19 11 -8607130.45
20 11 -78085.0055
21 11 769887.031
22 11 -442729.208
23 11 -11554617.2
24 11 -907026.439
25 11 -4004907.74
26 11 -45737.1935
27 11 695609.929
28 11 -208335.448
29 11 -5707166.95
30 11 -443574.046
31 11 -2099129.02
32 11 -26588.7369
33 11 410116.844
34 11 -127647.864
35 11 -2768257.73
36 11 -214113.046
37 11 -1285282.98
38 11 -2561.52402
39 11 298202.559
40 11 -108420.609
41 11 -1640758.97
42 11 -53155.8378
43 11 -763311.222
44 11 -8540.27024
45 11 264105.339
46 11 -70453.1913
47 11 -937226.055
48 11 69516.3517
49 11 -685894.702
50 11 -10219.7999
51 11 268200.696
52 11 -70094.5311
53 11 -844884.951
54 11 77868.9007
55 11 -511370.06
56 11 -9083.6741
57 11 199845.743
58 11 -61374.5858
59 11 -629175.01
60 11 38900.5624
61 11 -312348.616
62 11 -8844.2218
63 11 125139.521
64 11 -39408.2708
65 11 -393996.696
66 11 30065.9284
67 11 -864834.265
68 11 12607.0197
69 11 437528.641
70 11 -4796.31515
71 11 -217934.938
72 11 8239.03031
73 11 -38690.0368
74 11 -1245.05638
75 11 16262.9865
76 11 -6080.90362
77 11 -48483.7443
78 11 2016.16075
79 11 -32514.0099
80 11 -735.806964
81 11 13931.7453
82 11 -6387.00835
83 11 -41276.0294
84 11 671.384848
1 12 -887876.772
2 12 351951.046
3 12 -15959.9651
4 12 96235.1556
5 12 -1347856.8
6 12 -2196042.05
7 12 27173156.7
8 12 8914586.64
9 12 -518511.129
10 12 -27760266
11 12 43627031.1
12 12 70471933
13 12 -852127.485
14 12 145322.015
15 12 24603.257
16 12 246694.283
17 12 -1194153.23
18 12 -1610862.73
19 12 -567527.055
20 12 -16408.4062
21 12 42503.1223
22 12 250074.788
23 12 -817581.406
24 12 -1113390.39
25 12 -281419.922
26 12 -75299.9031
27 12 37360.843
28 12 195852.182
29 12 -416504.89
30 12 -489026.422
31 12 -132986.078
32 12 61147.0895
33 12 23824.3292
34 12 -33184.5527
35 12 -175995.868
36 12 -194110.069
37 12 -43552.9468
38 12 20234.7853
39 12 4941.00106
40 12 8050.08571
41 12 -59643.6485
42 12 -121118.109
43 12 15448.5337
44 12 -54373.1514
45 12 -743.67996
46 12 62905.2849
47 12 997.759219
48 12 -73991.8389
49 12 21453.3553
50 12 -76922.7739
51 12 210.696468
52 12 80373.9934
53 12 5870.82494
54 12 -68919.6134
55 12 -3190.99116
56 12 -57429.3362
57 12 4935.00971
58 12 56917.7772
59 12 -19316.5021
60 12 -50095.1143
61 12 -2504.04054
62 12 -39063.9458
63 12 3475.69999
64 12 41169.6731
65 12 -15511.8751
66 12 -33572.751
67 12 -119493.293
68 12 -252194.133
69 12 27991.3121
70 12 18515.4061
71 12 -11243.9443
72 12 -26597.8109
73 12 -294.859922
74 12 -4951.06367
75 12 171.537344
76 12 5336.18976
77 12 -1732.90641
78 12 -4095.62306
79 12 -168.987559
80 12 -4399.07895
81 12 111.047417
82 12 4755.34404
83 12 -1406.42366
84 12 -3678.99464
1 13 -10176699.4
2 13 -83138.7736
3 13 -1029129.62
4 13 158273.55
5 13 -12728839.3
6 13 -709454.737
7 13 -9662562.1
8 13 -95063.9957
9 13 -406575.354
10 13 204584.697
11 13 -12168578.7
12 13 -852127.485
13 13 294231383
14 13 -6344026
15 13 6270074.25
16 13 3770011.98
17 13 303214161
18 13 25902198.9
19 13 -45754471.2
20 13 -3131723.27
21 13 16332320.7
22 13 -858907.662
23 13 -14400891.1
24 13 -2445886.23
25 13 -3453605.01
26 13 -36108.1976
27 13 473868.919
28 13 -131224.659
29 13 -4640475.99
30 13 -370976.61
31 13 -1815981.81
32 13 -9724.42691
33 13 311735.587
34 13 -97333.8152
35 13 -2281929.44
36 13 -162498.242
37 13 -1109700.2
38 13 7016.74563
39 13 234427.964
40 13 -83580.1107
41 13 -1358196.51
42 13 -26431.6648
43 13 -706889.883
44 13 1467.76412
45 13 235021.874
46 13 -62338.0616
47 13 -838692.065
48 13 87211.2846
49 13 -561432.634
50 13 -418.669935
51 13 208694.053
52 13 -57525.7213
53 13 -681117.383
54 13 81940.0146
55 13 -423571.137
56 13 -2916.47386
57 13 155213.053
58 13 -47414.8333
59 13 -515806.147
60 13 47724.8302
61 13 -270604.726
62 13 -3013.51792
63 13 104391.35
64 13 -32446.3146
65 13 -334119.258
66 13 39598.024
67 13 -465570.776
68 13 -28409.2591
69 13 230545.454
70 13 4312.36745
71 13 -171249.672
72 13 13291.4983
73 13 -32153.6317
74 13 -548.059662
75 13 12909.2013
76 13 -4811.35792
77 13 -39601.7104
78 13 2930.69742
79 13 -25268.2227
80 13 -229.107035
81 13 10113.1832
82 13 -4702.5368
83 13 -31671.1265
84 13 1511.64404
1 14 -107595.334
2 14 -10074974.2
3 14 -606836.626
4 14 12139668.3
5 14 -360802.342
6 14 637872.835
7 14 -98502.8504
8 14 -9624729.12
9 14 -681871.414
10 14 11772698.8
11 14 -260805.601
12 14 145322.015
13 14 -6344026
14 14 375526200
15 14 73996003
16 14 -307646517
17 14 11045142.4
18 14 -8691906.04
19 14 7675732.44
20 14 -128446323
21 14 -55170648.2
22 14 24231296.5
23 14 2108553.72
24 14 -4232861.06
25 14 -13630.9436
26 14 -3529196.69
27 14 -235667.135
28 14 4572659.91
29 14 -180710.73
30 14 -402963.865
31 14 5204.47201
32 14 -1854922.75
33 14 -71018.0684
34 14 2218951.08
35 14 -99859.5776
36 14 -333929.05
37 14 7750.90395
38 14 -1137222.75
39 14 52596.1788
40 14 1303339.07
41 14 -112818.525
42 14 -200301.583
43 14 -2616.10364
44 14 -746247.611
45 14 98874.4638
46 14 808662.232
47 14 -141830.641
48 14 -198285.411
49 14 -3757.69843
50 14 -595466.008
51 14 87193.577
52 14 647047.839
53 14 -134685.67
54 14 -178538.178
55 14 -2815.46768
56 14 -449232.923
57 14 49623.3175
58 14 484385.721
59 14 -103683.163
60 14 -127283.835
61 14 -3106.29139
62 14 -292925.34
63 14 36814.5072
64 14 319387.966
65 14 -78264.3896
66 14 -82547.6514
67 14 -17050.8616
68 14 -529264.122
69 14 -85622.2587
70 14 185110.602
71 14 -38716.4053
72 14 -35702.5727
73 14 -621.473773
74 14 -34377.7968
75 14 2114.68938
76 14 36561.02
77 14 -8867.9582
78 14 -10873.3404
79 14 -295.288154
80 14 -26717.1356
81 14 1497.04217
82 14 28907.1545
83 14 -7089.64728
84 14 -8874.52111
1 15 -360351.799
2 15 -620036.033
3 15 -1439481.82
4 15 1040896.62
5 15 -225066.674
6 15 44856.0526
7 15 -176825.961
8 15 -628259.606
9 15 -1288470
10 15 1064599.55
11 15 79643.9329
12 15 24603.257
13 15 6270074.25
14 15 73996003
15 15 71186052.3
16 15 -34008908.3
17 15 -10340588.3
18 15 -2983819.07
19 15 -5308894.69
20 15 -55548939.8
21 15 -22195873.4
22 15 7024557.07
23 15 181441.306
24 15 -2276167.22
25 15 67158.5203
26 15 -248629.423
27 15 -365687.51
28 15 422855.3
29 15 255083.814
30 15 -6385.02053
31 15 -18901.6639
32 15 -108284.625
33 15 -139993.385
34 15 160033.898
35 15 65889.357
36 15 -14424.9231
37 15 1812.11954
38 15 -27914.5243
39 15 -93994.8864
40 15 46310.4152
41 15 58287.556
42 15 -188.58874
43 15 73212.7017
44 15 40763.0502
45 15 -79651.6937
46 15 -36831.5501
47 15 118391.064
48 15 1304.14148
49 15 78686.1191
50 15 40062.0648
51 15 -71389.9565
52 15 -33984.6943
53 15 114730.537
54 15 125.288644
55 15 56688.4603
56 15 15360.0475
57 15 -54827.6413
58 15 -7063.70848
59 15 80481.4518
60 15 -2394.58046
61 15 41502.3168
62 15 13890.9674
63 15 -39344.894
64 15 -8356.98519
65 15 62747.6719
66 15 -2756.32542
67 15 165748.758
68 15 -66137.4829
69 15 -87414.0505
70 15 6351.89242
71 15 47402.8941
72 15 1335.66208
73 15 5036.59774
74 15 1285.45519
75 15 -4368.66667
76 15 -202.40911
77 15 7602.16287
78 15 -122.390226
79 15 4047.69008
80 15 908.088241
81 15 -3579.14618
82 15 120.787758
83 15 6248.75728
84 15 38.0699443
1 16 -35420.6617
2 16 12191907.2
3 16 1019446.78
4 16 -15292515.6
5 16 230776.582
6 16 -290011.075
7 16 -48298.1977
8 16 11751983.4
9 16 1112739.83
10 16 -14933673
11 16 74739.5041
12 16 246694.283
13 16 3770011.98
14 16 -307646517
15 16 -34008908.3
16 16 407205272
17 16 -5356647.85
18 16 -5398479.91
19 16 -673930.176
20 16 23693412.1
21 16 6745590.45
22 16 -14377564.8
23 16 86568.3969
24 16 879243.687
25 16 -55909.765
26 16 4357903.66
27 16 393784.075
28 16 -5856045.4
29 16 88174.5939
30 16 609885.575
31 16 -37614.6159
32 16 2218388.57
33 16 127445.481
34 16 -2755608.35
35 16 58305.6721
36 16 457647.77
37 16 -24694.9091
38 16 1376486.8
39 16 -32169.4203
40 16 -1654911.83
41 16 114315.023
42 16 269508.768
43 16 -6376.01509
44 16 867176.573
45 16 -104311.76
46 16 -971187.329
47 16 153912.803
48 16 235772.065
49 16 -1448.1659
50 16 696234.903
51 16 -93158.0617
52 16 -779181.194
53 16 152364.827
54 16 207156.084
55 16 755.413696
56 16 523489.694
57 16 -49108.1564
58 16 -583167.537
59 16 118813.48
60 16 145487.562
61 16 2692.29093
62 16 344883.348
63 16 -38570.6544
64 16 -388628.942
65 16 90687.9986
66 16 96824.0503
67 16 -48870.6428
68 16 951984.904
69 16 170565.882
70 16 -243382.709
71 16 40030.4446
72 16 39733.197
73 16 458.962843
74 16 39791.7318
75 16 -1980.93678
76 16 -44093.1138
77 16 9972.65806
78 16 12879.8611
79 16 143.300812
80 16 31528.6477
81 16 -1369.56889
82 16 -35559.6017
83 16 8089.64142
84 16 10726.0068
1 17 -12705649.3
2 17 -509271.373
3 17 -879231.521
4 17 688256.764
5 17 -16581091.2
6 17 -997089.589
7 17 -12161136.4
8 17 -503440.443
9 17 -169230.228
10 17 713731.81
11 17 -15999604.9
12 17 -1194153.23
13 17 303214161
14 17 11045142.4
15 17 -10340588.3
16 17 -5356647.85
17 17 428599007
18 17 35053457.9
19 17 -13828929.3
20 17 -2183268.61
21 17 1366198.52
22 17 -15437.2623
23 17 -13749241
24 17 -1260136.07
25 17 -4387717.04
26 17 -182044.921
27 17 670608.265
28 17 -24243.0684
29 17 -6190186.94
30 17 -536549.966
31 17 -2236104.86
32 17 -91669.7462
33 17 415713.812
34 17 -44906.8774
35 17 -2944911.34
36 17 -240351.343
37 17 -1391428.69
38 17 -49035.2377
39 17 307893.326
40 17 -45257.3209
41 17 -1806023.39
42 17 -67625.5809
43 17 -836728.421
44 17 -37388.1689
45 17 283759.347
46 17 -36118.6944
47 17 -1036873.96
48 17 83017.9506
49 17 -670289.902
50 17 -33906.0953
51 17 247244.884
52 17 -34566.2553
53 17 -845525.872
54 17 80879.3375
55 17 -509234.069
56 17 -29520.3455
57 17 182008.639
58 17 -31138.95
59 17 -646639.843
60 17 43793.8823
61 17 -329369.868
62 17 -21964.8934
63 17 127217.164
64 17 -22354.5171
65 17 -425423.717
66 17 38865.9356
67 17 -891441.372
68 17 -17392.3927
69 17 446019.02
70 17 9170.40209
71 17 -220981.727
72 17 13478.4147
73 17 -38548.4567
74 17 -2590.5965
75 17 15593.6805
76 17 -4121.91232
77 17 -49901.3386
78 17 2552.24716
79 17 -30870.5786
80 17 -1815.46055
81 17 12495.487
82 17 -4511.51424
83 17 -40647.5715
84 17 997.227198
1 18 -792314.534
2 18 619528.34
3 18 19751.9292
4 18 -341989.582
5 18 -1118052.21
6 18 -1717328.22
7 18 -772741.915
8 18 482637.67
9 18 51745.7981
10 18 -236093.312
11 18 -1077954.29
12 18 -1610862.73
13 18 25902198.9
14 18 -8691906.04
15 18 -2983819.07
16 18 -5398479.91
17 18 35053457.9
18 18 59644546.1
19 18 -2380859.1
20 18 3976482.16
21 18 2375496.49
22 18 -860571.919
23 18 -1063632.03
24 18 -1264236.51
25 18 -307608.314
26 18 88445.0835
27 18 51941.7799
28 18 -26303.6295
29 18 -446931.996
30 18 -519022.392
31 18 -126472.365
32 18 133152.643
33 18 26071.5714
34 18 -125317.103
35 18 -164339.026
36 18 -192383.236
37 18 -35139.5813
38 18 60396.0631
39 18 1858.82691
40 18 -48931.8182
41 18 -48640.2935
42 18 -132009.458
43 18 34774.042
44 18 -32630.4039
45 18 -8682.6416
46 18 38131.5246
47 18 26145.8186
48 18 -78609.9261
49 18 36303.3599
50 18 -46586.4503
51 18 -7593.65858
52 18 48300.191
53 18 27653.0893
54 18 -68476.7575
55 18 9819.25775
56 18 -32520.2322
57 18 -950.593926
58 18 30943.1769
59 18 -853.636148
60 18 -53118.3001
61 18 8349.00643
62 18 -29127.3546
63 18 -472.56722
64 18 31511.9318
65 18 -1586.76342
66 18 -37304.9309
67 18 -117962.767
68 18 -228054.946
69 18 30808.4169
70 18 5839.05872
71 18 -1587.22647
72 18 -27742.8106
73 18 764.225752
74 18 -3596.9712
75 18 -194.532814
76 18 4069.92718
77 18 -308.358327
78 18 -4209.81601
79 18 656.568171
80 18 -2941.6651
81 18 -180.675666
82 18 3391.48374
83 18 -179.603009
84 18 -3567.74691
1 19 -6770711.27
2 19 -1488.27509
3 19 -368408.599
4 19 -29864.385
5 19 -8640981.93
6 19 -454707.506
7 19 -6738022.79
8 19 -7088.5136
9 19 -74047.7028
10 19 5675.5842
11 19 -8607130.45
12 19 -567527.055
13 19 -45754471.2
14 19 7675732.44
15 19 -5308894.69
16 19 -673930.176
17 19 -13828929.3
18 19 -2380859.1
19 19 240409317
20 19 3471391.41
21 19 -34286021.8
22 19 10780959.2
23 19 241983311
24 19 21611163
25 19 -3915117.78
26 19 -5208.35302
27 19 478125.871
28 19 -193568.098
29 19 -5087405.79
30 19 -311279.338
31 19 -2221072.8
32 19 12154.3177
33 19 391063.185
34 19 -124709.208
35 19 -2633813.71
36 19 -82830.9482
37 19 -1209450.71
38 19 4936.90242
39 19 286322.081
40 19 -85703.4563
41 19 -1483121.77
42 19 -9616.95313
43 19 -792895.278
44 19 -5943.52324
45 19 288925.371
46 19 -57748.7933
47 19 -960388.345
48 19 99518.2817
49 19 -677641.882
50 19 -7368.96019
51 19 277628.083
52 19 -60286.1923
53 19 -836368.418
54 19 93553.4765
55 19 -598741.315
56 19 -9585.09761
57 19 235282.787
58 19 -57235.0683
59 19 -742664.015
60 19 67964.763
61 19 -392736.493
62 19 -7379.582
63 19 163007.397
64 19 -40654.7035
65 19 -489813.141
66 19 64272.1337
67 19 -426981.216
68 19 -29799.1789
69 19 209801.699
70 19 2714.92926
71 19 -275717.288
72 19 30891.4205
73 19 -45263.7629
74 19 -836.111329
75 19 19466.8794
76 19 -6461.23921
77 19 -57003.1103
78 19 5001.62081
79 19 -36641.5384
80 19 -335.526484
81 19 15574.5141
82 19 -6670.73534
83 19 -46374.2223
84 19 2682.55001
1 20 -26929.1329
2 20 -6879793.15
3 20 -368975.561
4 20 8505747.19
5 20 -132310.524
6 20 237135.644
7 20 -27181.947
8 20 -6841397.46
9 20 -438662.638
10 20 8502054.15
11 20 -78085.0055
12 20 -16408.4062
13 20 -3131723.27
14 20 -128446323
15 20 -55548939.8
16 20 23693412.1
17 20 -2183268.61
18 20 3976482.16
19 20 3471391.41
20 20 329844161
21 20 65509242.6
22 20 -250418997
23 20 9099343.35
24 20 16746330.5
25 20 -1689.98721
26 20 -4009433.26
27 20 -166445.294
28 20 5042178.91
29 20 -185059.701
30 20 -366922.235
31 20 4382.03012
32 20 -2274681.44
33 20 44334.0455
34 20 2570518.86
35 20 -130260.195
36 20 -395085.413
37 20 9937.3406
38 20 -1231815.67
39 20 70886.1785
40 20 1401487.71
41 20 -122248.79
42 20 -243054.244
43 20 -3367.82234
44 20 -821421.875
45 20 110480.403
46 20 891078.777
47 20 -162977.198
48 20 -238972.68
49 20 -3839.10855
50 20 -702262.691
51 20 97579.7369
52 20 758112.082
53 20 -160736.629
54 20 -231228.386
55 20 -4950.14618
56 20 -621962.917
57 20 68907.5807
58 20 670494.235
59 20 -150831.419
60 20 -186325.094
61 20 -4887.20481
62 20 -418218.844
63 20 58791.2751
64 20 454571.363
65 20 -116967.456
66 20 -125132.67
67 20 -37066.1234
68 20 -455272.756
69 20 -92222.3577
70 20 259092.917
71 20 -58994.5987
72 20 -63809.1479
73 20 -959.197767
74 20 -47452.6664
75 20 3686.10155
76 20 50871.9506
77 20 -13015.4398
78 20 -15957.7351
79 20 -415.24731
80 20 -37952.6832
81 20 2450.53028
82 20 41011.9943
83 20 -10329.4591
84 20 -13171.4852
1 21 428002.48
2 21 -369145.215
3 21 -824450.905
4 21 642702.036
5 21 677698.379
6 21 45086.9194
7 21 451547.25
8 21 -387116.876
9 21 -811957.887
10 21 676536.251
11 21 769887.031
12 21 42503.1223
13 21 16332320.7
14 21 -55170648.2
15 21 -22195873.4
16 21 6745590.45
17 21 1366198.52
18 21 2375496.49
19 21 -34286021.8
20 21 65509242.6
21 21 69186373.5
22 21 -26736673.2
23 21 -29131608.7
24 21 -174082.115
25 21 220593.526
26 21 -160762.336
27 21 -439714.535
28 21 350858.314
29 21 486018.647
30 21 12477.4581
31 21 92838.3289
32 21 2350.17628
33 21 -198076.289
34 21 69771.3979
35 21 235831.94
36 21 6864.86404
37 21 97782.7937
38 21 -14364.762
39 21 -126616.136
40 21 30978.9747
41 21 189061.66
42 21 1868.16448
43 21 150628.467
44 21 49744.0237
45 21 -119766.995
46 21 -41966.8401
47 21 219153.437
48 21 -5553.26635
49 21 156194.787
50 21 45798.8961
51 21 -113343.342
52 21 -32576.0374
53 21 213576.136
54 21 -7396.02254
55 21 128594.662
56 21 24319.9729
57 21 -102334.905
58 21 -7679.87741
59 21 171689.064
60 21 -8248.49316
61 21 92575.6909
62 21 27607.0635
63 21 -72712.7445
64 21 -17078.3458
65 21 130369.044
66 21 -8064.09697
67 21 164085.042
68 21 -32004.6066
69 21 -77265.8528
70 21 -2373.44313
71 21 91939.9652
72 21 -2689.76317
73 21 10981.9085
74 21 2652.47935
75 21 -8086.4085
76 21 -638.390644
77 21 15531.3001
78 21 -444.371818
79 21 8795.80651
80 21 1739.58247
81 21 -6438.98217
82 21 174.770466
83 21 12506.8767
84 21 -82.2880948
1 22 -350972.494
2 22 8573973.08
3 22 640403.13
4 22 -10949869.3
5 22 -352113.525
6 22 -49884.0181
7 22 -351261.488
8 22 8514813.04
9 22 739648.592
10 22 -10933369.2
11 22 -442729.208
12 22 250074.788
13 22 -858907.662
14 22 24231296.5
15 22 7024557.07
16 22 -14377564.8
17 22 -15437.2623
18 22 -860571.919
19 22 10780959.2
20 22 -250418997
21 22 -26736673.2
22 22 329822715
23 22 2324631.13
24 22 -22476849.4
25 22 -210463.42
26 22 4810920.19
27 22 353711.476
28 22 -6336502.15
29 22 -102825.1
30 22 560667.355
31 22 -114261.723
32 22 2573646.29
33 22 42533.5774
34 22 -3071548.33
35 22 -6743.7244
36 22 520066.958
37 22 -63184.2201
38 22 1482349.77
39 22 -51251.8645
40 22 -1765571.02
41 22 74216.1857
42 22 322406.101
43 22 -20102.7806
44 22 957370.933
45 22 -113503.685
46 22 -1073409.15
47 22 160216.619
48 22 283063.379
49 22 -14374.213
50 22 818132.398
51 22 -99199.1546
52 22 -909940.538
53 22 165430.877
54 22 265738.477
55 22 -7630.18128
56 22 726187.352
57 22 -63925.2664
58 22 -808232.446
59 22 160985.962
60 22 208541.053
61 22 -2302.7439
62 22 491109.412
63 22 -60119.9092
64 22 -550692.55
65 22 127354.964
66 22 143953.451
67 22 -23265.9948
68 22 733496.76
69 22 159574.497
70 22 -316996.252
71 22 55984.956
72 22 68083.2287
73 22 -24.3327644
74 22 55451.6914
75 22 -3319.55718
76 22 -61983.3894
77 22 13813.6616
78 22 18718.6308
79 22 -509.273461
80 22 44822.7712
81 22 -2081.19813
82 22 -50621.4539
83 22 10974.9204
84 22 15639.6979
1 23 -8690891.74
2 23 -367753.156
3 23 -147263.28
4 23 398513.158
5 23 -11589105.9
6 23 -660125.02
7 23 -8635501.22
8 23 -371447.522
9 23 207033.716
10 23 430365.4
11 23 -11554617.2
12 23 -817581.406
13 23 -14400891.1
14 23 2108553.72
15 23 181441.306
16 23 86568.3969
17 23 -13749241
18 23 -1063632.03
19 23 241983311
20 23 9099343.35
21 23 -29131608.7
22 23 2324631.13
23 23 346454742
24 23 29849787.4
25 23 -4829504.08
26 23 -230725.756
27 23 716504.258
28 23 1069.92544
29 23 -6694318.97
30 23 -487065.121
31 23 -2577467.14
32 23 -123954.652
33 23 522340.545
34 23 -14350.1107
35 23 -3287241.87
36 23 -180189.123
37 23 -1511072.25
38 23 -82181.0242
39 23 396083.309
40 23 -17046.8654
41 23 -1963574.41
42 23 -49315.692
43 23 -962003.844
44 23 -75011.4805
45 23 366810.998
46 23 -600.850632
47 23 -1219070.74
48 23 93433.0103
49 23 -828547.023
50 23 -68285.7583
51 23 343366.392
52 23 -11171.9328
53 23 -1062817.57
54 23 90034.734
55 23 -739195.224
56 23 -66894.6629
57 23 285965.429
58 23 -12109.0435
59 23 -954543.093
60 23 61835.2399
61 23 -487880.823
62 23 -48066.6931
63 23 205261.111
64 23 -10336.9889
65 23 -636323.872
66 23 64436.2347
67 23 -732245.283
68 23 -39881.3739
69 23 358684.807
70 23 19742.1674
71 23 -346029.477
72 23 31742.3665
73 23 -56152.8285
74 23 -5188.02814
75 23 24412.885
76 23 -4009.5045
77 23 -74457.9323
78 23 4491.70903
79 23 -45792.0155
80 23 -3676.00679
81 23 19708.4913
82 23 -5291.70331
83 23 -61101.855
84 23 1929.97484
1 24 -634415.291
2 24 -280914.1
3 24 -15012.0904
4 24 590631.314
5 24 -922792.756
6 24 -1115848.56
7 24 -632829.146
8 24 -285691.65
9 24 4523.66496
10 24 588802.898
11 24 -907026.439
12 24 -1113390.39
13 24 -2445886.23
14 24 -4232861.06
15 24 -2276167.22
16 24 879243.687
17 24 -1260136.07
18 24 -1264236.51
19 24 21611163
20 24 16746330.5
21 24 -174082.115
22 24 -22476849.4
23 24 29849787.4
24 24 50331168.6
25 24 -307498.436
26 24 -112787.971
27 24 34335.8992
28 24 260039.273
29 24 -486864.768
30 24 -605093.567
31 24 -78964.7414
32 24 -1708.92099
33 24 7253.01375
34 24 54109.8132
35 24 -144072.539
36 24 -245584.926
37 24 -37408.8318
38 24 -54661.1665
39 24 8832.23917
40 24 89282.3703
41 24 -63065.1303
42 24 -159600.784
43 24 30209.3154
44 24 -118907.653
45 24 3304.20675
46 24 130597.211
47 24 4688.88221
48 24 -113434.845
49 24 29722.4321
50 24 -128627.518
51 24 4710.63014
52 24 133525.768
53 24 2527.08759
54 24 -103711.326
55 24 5921.33898
56 24 -102724.519
57 24 7647.61342
58 24 100020.184
59 24 -22709.2419
60 24 -95380.5118
61 24 13012.6419
62 24 -80991.4331
63 24 4611.34795
64 24 85488.6497
65 24 -10546.0447
66 24 -65631.2783
67 24 -81636.3449
68 24 -190815.287
69 24 7798.24973
70 24 37936.0863
71 24 -2970.20764
72 24 -38818.6728
73 24 1115.31912
74 24 -9605.55664
75 24 72.9492652
76 24 10339.8688
77 24 -1484.56345
78 24 -7635.57027
79 24 832.741012
80 24 -7650.30778
81 24 29.8939249
82 24 8331.44382
83 24 -1215.14949
84 24 -6267.55126
1 25 -3002603.15
2 25 4898.61726
3 25 -44739.5317
4 25 -16301.9167
5 25 -3849073.42
6 25 -230706.565
7 25 -3134598.87
8 25 5936.52473
9 25 50477.0393
10 25 -7600.85647
11 25 -4004907.74
12 25 -281419.922
13 25 -3453605.01
14 25 -13630.9436
15 25 67158.5203
16 25 -55909.765
17 25 -4387717.04
18 25 -307608.314
19 25 -3915117.78
20 25 -1689.98721
21 25 220593.526
22 25 -210463.42
23 25 -4829504.08
24 25 -307498.436
25 25 124623342
26 25 227006.851
27 25 -16518352.1
28 25 6252040.5
29 25 153856485
30 25 11996493.8
31 25 -3338175.63
32 25 19292.4953
33 25 541377.139
34 25 -216012.376
35 25 -3956948.23
36 25 -133546.392
37 25 -1479725.2
38 25 4041.95154
39 25 355601.63
40 25 -126162.591
41 25 -1839790.78
42 25 -71202.6597
43 25 -734946.38
44 25 -10904.3124
45 25 293765.218
46 25 -50420.5318
47 25 -906013.698
48 25 84922.6245
49 25 -622377.767
50 25 -10430.541
51 25 272411.145
52 25 -56634.2972
53 25 -771898.167
54 25 73947.5917
55 25 -563439.459
56 25 -10961.9077
57 25 243514.224
58 25 -55848.404
59 25 -698500.866
60 25 62946.8933
61 25 -392439.803
62 25 -9618.74276
63 25 175210.117
64 25 -40114.2409
65 25 -488774.792
66 25 63297.7866
67 25 -360847.948
68 25 -22440.1478
69 25 182653.521
70 25 -6924.31156
71 25 -280665.409
72 25 31994.3939
73 25 -43275.6079
74 25 -763.71862
75 25 19626.3706
76 25 -6830.87139
77 25 -55252.4555
78 25 4285.14648
79 25 -35330.531
80 25 -246.833645
81 25 15865.1048
82 25 -7085.96742
83 25 -45396.8672
84 25 2090.78714
1 26 -20596.7628
2 26 -3092241.05
3 26 -200874.801
4 26 3820417.64
5 26 -75623.8884
6 26 5146.26952
7 26 -18037.9032
8 26 -3213833.83
9 26 -227884.467
10 26 3970253.81
11 26 -45737.1935
12 26 -75299.9031
13 26 -36108.1976
14 26 -3529196.69
15 26 -248629.423
16 26 4357903.66
17 26 -182044.921
18 26 88445.0835
19 26 -5208.35302
20 26 -4009433.26
21 26 -160762.336
22 26 4810920.19
23 26 -230725.756
24 26 -112787.971
25 26 227006.851
26 26 128216989
27 26 6197772.36
28 26 -152817475
29 26 5401724.33
30 26 15814114.1
31 26 20816.6044
32 26 -3414006.23
33 26 63753.3357
34 26 3891062.88
35 26 -163565.737
36 26 -535393.652
37 26 21389.2742
38 26 -1508534.61
39 26 31765.8304
40 26 1746862.8
41 26 -114096.591
42 26 -301748.079
43 26 666.091779
44 26 -751550.485
45 26 95925.1454
46 26 818191.46
47 26 -143574.092
48 26 -242297.99
49 26 951.590413
50 26 -635034.436
51 26 77055.3535
52 26 680306.591
53 26 -133914.076
54 26 -225082.548
55 26 -379.147005
56 26 -578997.217
57 26 63311.8187
58 26 618121.589
59 26 -130914.745
60 26 -194166.341
61 26 -2251.98894
62 26 -414084.296
63 26 57639.6097
64 26 447018.065
65 26 -110615.841
66 26 -134591.741
67 26 -37523.2017
68 26 -377280.9
69 26 -81008.1707
70 26 255505.212
71 26 -56924.1311
72 26 -67229.9488
73 26 -605.170895
74 26 -44782.2683
75 26 2986.7382
76 26 48519.5085
77 26 -11513.497
78 26 -16235.9728
79 26 -127.635556
80 26 -36141.5341
81 26 1855.31302
82 26 39555.2831
83 26 -9124.27813
84 26 -13525.6386
1 27 489959.007
2 27 -197156.692
3 27 -301759.378
4 27 319977.858
5 27 673796.31
6 27 35344.2426
7 27 488999.823
8 27 -201683.777
9 27 -320765.761
10 27 329151.057
11 27 695609.929
12 27 37360.843
13 27 473868.919
14 27 -235667.135
15 27 -365687.51
16 27 393784.075
17 27 670608.265
18 27 51941.7799
19 27 478125.871
20 27 -166445.294
21 27 -439714.535
22 27 353711.476
23 27 716504.258
24 27 34335.8992
25 27 -16518352.1
26 27 6197772.36
27 27 26700105.6
28 27 -12736633.7
29 27 -28031258.4
30 27 -1035078.81
31 27 330965.786
32 27 -9243.00704
33 27 -324968.288
34 27 128189.3
35 27 535267.159
36 27 10181.1224
37 27 221389.011
38 27 -65007.1827
39 27 -178019.062
40 27 107984.423
41 27 350523.804
42 27 1866.66101
43 27 204960.781
44 27 40687.5667
45 27 -135447.277
46 27 -26563.5855
47 27 283641.215
48 27 -12988.503
49 27 193314.003
50 27 31660.9519
51 27 -120520.696
52 27 -12107.831
53 27 255970.497
54 27 -13756.6324
55 27 171895.835
56 27 22586.6969
57 27 -111435.789
58 27 -1681.52525
59 27 226065.02
60 27 -13783.9773
61 27 124632.598
62 27 27050.1103
63 27 -83520.845
64 27 -13138.1604
65 27 170274.343
66 27 -13410.9194
67 27 150212.757
68 27 -20439.6262
69 27 -70474.537
70 27 1653.68369
71 27 105490.253
72 27 -7072.4764
73 27 13842.0623
74 27 2068.27901
75 27 -8801.64682
76 27 678.037305
77 27 19147.4625
78 27 -844.426073
79 27 11220.2718
80 27 1221.83778
81 27 -7088.25422
82 27 1415.72868
83 27 15602.8807
84 27 -318.414348
1 28 -146554.74
2 28 4040728.46
3 28 342216.116
4 28 -5168846.17
5 28 -152827.842
6 28 92693.9148
7 28 -156119.272
8 28 4169241.11
9 28 381884.18
10 28 -5332879.4
11 28 -208335.448
12 28 195852.182
13 28 -131224.659
14 28 4572659.91
15 28 422855.3
16 28 -5856045.4
17 28 -24243.0684
18 28 -26303.6295
19 28 -193568.098
20 28 5042178.91
21 28 350858.314
22 28 -6336502.15
23 28 1069.92544
24 28 260039.273
25 28 6252040.5
26 28 -152817475
27 28 -12736633.7
28 28 227842272
29 28 3913825.68
30 28 -24998588.2
31 28 -194837.517
32 28 4090583.04
33 28 65488.4537
34 28 -4920050.81
35 28 -44990.7453
36 28 729902.895
37 28 -103319.838
38 28 1940645.28
39 28 8413.71002
40 28 -2350027.77
41 28 29799.3124
42 28 422166.532
43 28 -22119.8183
44 28 923674.796
45 28 -103447.654
46 28 -1044053.85
47 28 145985.92
48 28 301665.771
49 28 -19952.2941
50 28 773248.707
51 28 -80822.6888
52 28 -857561.202
53 28 138922.433
54 28 272748.156
55 28 -15102.5746
56 28 703752.76
57 28 -63844.4472
58 28 -778748.491
59 28 139229.539
60 28 232329.719
61 28 -5945.20421
62 28 507217.803
63 28 -63856.2979
64 28 -566488.948
65 28 124185.559
66 28 163641.729
67 28 -2148.21509
68 28 594322.303
69 28 133944.724
70 28 -323041.222
71 28 57638.1883
72 28 75904.4491
73 28 -628.283758
74 28 55448.2161
75 28 -2601.91729
76 28 -63680.0896
77 28 12222.2109
78 28 20652.0667
79 28 -1071.17583
80 28 45267.0047
