# name: debug
# type: sparse matrix
# nnz: 5184
# rows: 72
# columns: 72

1 1 1.74783506e+09
2 1 97015.4382
3 1 2572656.78
4 1 118019.652
5 1 250980913
6 1 21198968.3
7 1 -16201.1085
8 1 -85.6314159
9 1 -238.635078
10 1 249.851331
11 1 -36204.3562
12 1 -2151.85758
13 1 -13232.1398
14 1 -194.262318
15 1 78.4669319
16 1 -56.8751963
17 1 -29541.8034
18 1 -1863.0072
19 1 -9087.46027
20 1 -99.413848
21 1 1222.22194
22 1 -814.020418
23 1 -21035.6639
24 1 -1589.77194
25 1 -4780.66739
26 1 -81.6035106
27 1 1158.62746
28 1 -481.138639
29 1 -11842.2816
30 1 -795.989255
31 1 -3048.60236
32 1 -56.6768889
33 1 975.458747
34 1 -445.278377
35 1 -7097.28542
36 1 -452.624589
37 1 -2087.79596
38 1 3.6616861
39 1 847.989266
40 1 -448.19144
41 1 -4690.09874
42 1 -179.50219
43 1 -1427.64676
44 1 -11.9750922
45 1 663.644855
46 1 -368.942368
47 1 -3245.34043
48 1 143.373787
49 1 -1117.35491
50 1 -19.1962441
51 1 555.906153
52 1 -345.575894
53 1 -2674.12984
54 1 120.29918
55 1 -870.882063
56 1 -23.3151285
57 1 434.357932
58 1 -293.396605
59 1 -2116.76677
60 1 70.0919155
61 1 -526.965098
62 1 -12.6368255
63 1 295.170251
64 1 -215.576463
65 1 -1325.48543
66 1 58.9451921
67 1 -476.815583
68 1 -18.090649
69 1 252.512078
70 1 -186.442174
71 1 -1178.17959
72 1 99.5186516
1 2 97015.4382
2 2 1.74923837e+09
3 2 9887690.31
4 2 -244044621
5 2 3265215.1
6 2 -1496084.05
7 2 -51.6367151
8 2 -15958.1909
9 2 -987.792064
10 2 34334.6205
11 2 -310.995017
12 2 108.694471
13 2 -144.0251
14 2 -12989.4312
15 2 -963.019626
16 2 27970.0954
17 2 -1232.36277
18 2 907.401542
19 2 -26.8594198
20 2 -9265.17988
21 2 -637.898999
22 2 20531.0868
23 2 -992.225929
24 2 -986.068853
25 2 -20.2849679
26 2 -4994.47297
27 2 -365.521996
28 2 11522.7915
29 2 -542.94634
30 2 -1234.22965
31 2 -2.00387795
32 2 -3348.64558
33 2 -195.669725
34 2 7100.70338
35 2 -464.940323
36 2 -1138.37304
37 2 41.8362315
38 2 -2398.33234
39 2 14.4542527
40 2 4712.60193
41 2 -450.716532
42 2 -727.539646
43 2 6.32341867
44 2 -1659.77724
45 2 83.5196115
46 2 3186.50566
47 2 -616.647064
48 2 -616.422407
49 2 0.385502562
50 2 -1297.0783
51 2 56.687071
52 2 2566.46301
53 2 -563.069913
54 2 -565.566226
55 2 -0.0749659923
56 2 -1009.32261
57 2 20.8019939
58 2 2024.02525
59 2 -454.519028
60 2 -430.085858
61 2 2.54363908
62 2 -625.632738
63 2 14.9994376
64 2 1279.71556
65 2 -299.979389
66 2 -302.251513
67 2 -6.36150177
68 2 -566.495179
69 2 35.4283762
70 2 1147.86141
71 2 -360.148763
72 2 -233.490571
1 3 2572656.78
2 3 9887690.31
3 3 1.65315505e+09
4 3 -26690632.4
5 3 797202.902
6 3 -300261.044
7 3 -978.493758
8 3 -888.97451
9 3 -2410.80912
10 3 2665.70256
11 3 -1346.64499
12 3 -27.4128916
13 3 -1010.83705
14 3 -942.246554
15 3 -1955.34399
16 3 2564.12014
17 3 -1362.084
18 3 55.8780617
19 3 -281.373223
20 3 -661.989017
21 3 -1209.68655
22 3 1801.67604
23 3 189.665846
24 3 -28.8793601
25 3 -51.1290451
26 3 -344.041006
27 3 -605.220912
28 3 980.875822
29 3 504.506505
30 3 -42.2224411
31 3 -173.829735
32 3 -213.201561
33 3 -306.430401
34 3 533.763415
35 3 43.5882575
36 3 -59.7893462
37 3 -140.472555
38 3 -159.99974
39 3 -199.094162
40 3 316.110968
41 3 70.9107235
42 3 -22.8965098
43 3 -35.5906831
44 3 -46.8921025
45 3 -180.795877
46 3 94.1044881
47 3 188.271703
48 3 -8.41806882
49 3 14.030943
50 3 -44.8248654
51 3 -173.468215
52 3 114.491674
53 3 238.580363
54 3 -14.196418
55 3 16.6124918
56 3 -53.2895776
57 3 -146.471514
58 3 133.591594
59 3 214.272685
60 3 -18.8036362
61 3 38.0846026
62 3 -28.3409564
63 3 -98.0037765
64 3 92.4690635
65 3 202.356047
66 3 -17.5442156
67 3 26.2958376
68 3 -12.2833879
69 3 -106.86392
70 3 49.1357053
71 3 190.757794
72 3 -14.008808
1 4 118019.652
2 4 -244044621
3 4 -26690632.4
4 4 2.20534553e+09
5 4 2047.93489
6 4 -13478684.1
7 4 43.570374
8 4 34040.4953
9 4 2804.01607
10 4 -75192.5937
11 4 398.681147
12 4 1192.69691
13 4 427.888065
14 4 27781.6591
15 4 2605.53646
16 4 -61334.9293
17 4 2831.1477
18 4 -805.907196
19 4 38.2276628
20 4 20337.4671
21 4 1742.99388
22 4 -45778.0565
23 4 2020.02399
24 4 2722.08567
25 4 44.1038342
26 4 10972.8868
27 4 965.557935
28 4 -25724.8117
29 4 1061.07353
30 4 2983.10782
31 4 25.81505
32 4 7247.4626
33 4 525.530524
34 4 -15620.8302
35 4 939.359663
36 4 2652.21486
37 4 -49.3346478
38 4 5226.55091
39 4 32.7663948
40 4 -10470.9317
41 4 977.517209
42 4 1700.48843
43 4 28.8571189
44 4 3590.68058
45 4 -152.649308
46 4 -7014.85762
47 4 1392.15165
48 4 1358.59413
49 4 34.2228348
50 4 2873.55935
51 4 -94.0269763
52 4 -5771.9768
53 4 1276.50348
54 4 1255.05427
55 4 26.7585272
56 4 2262.96454
57 4 -21.2242439
58 4 -4608.30748
59 4 1032.06982
60 4 975.278534
61 4 -0.937271447
62 4 1409.15089
63 4 -14.5953845
64 4 -2935.84322
65 4 654.800295
66 4 692.164719
67 4 35.4601259
68 4 1293.23614
69 4 -71.5244095
70 4 -2656.36218
71 4 841.045277
72 4 540.909704
1 5 250980913
2 5 3265215.1
3 5 797202.902
4 5 2047.93489
5 5 2.24721353e+09
6 5 54885273.6
7 5 -36052.3569
8 5 -625.44387
9 5 -109.244361
10 5 1457.9024
11 5 -82814.8488
12 5 -5244.75885
13 5 -29488.1946
14 5 -939.968843
15 5 529.526284
16 5 924.785287
17 5 -67506.2581
18 5 -4323.6698
19 5 -20691.5725
20 5 -512.594238
21 5 2949.53834
22 5 -1292.10597
23 5 -49003.3151
24 5 -3760.91448
25 5 -10973.6922
26 5 -356.984908
27 5 2733.38515
28 5 -804.737876
29 5 -27842.1151
30 5 -1897.64552
31 5 -6852.58943
32 5 -272.445242
33 5 2202.79562
34 5 -773.950417
35 5 -16301.5774
36 5 -1103.31818
37 5 -4790.39771
38 5 -122.794364
39 5 1956.44148
40 5 -839.328714
41 5 -11003.4409
42 5 -461.19592
43 5 -3245.49008
44 5 -132.524783
45 5 1487.52117
46 5 -672.950054
47 5 -7521.8322
48 5 273.670886
49 5 -2602.94565
50 5 -129.60058
51 5 1263.22975
52 5 -678.265145
53 5 -6328.88118
54 5 236.759589
55 5 -2059.22596
56 5 -119.673135
57 5 1013.70781
58 5 -605.679591
59 5 -5094.73557
60 5 138.689234
61 5 -1245.77339
62 5 -58.2673476
63 5 703.940269
64 5 -484.487736
65 5 -3202.22274
66 5 121.43534
67 5 -1142.57145
68 5 -88.3017245
69 5 610.817486
70 5 -386.722802
71 5 -2887.1222
72 5 217.10218
1 6 21198968.3
2 6 -1496084.05
3 6 -300261.044
4 6 -13478684.1
5 6 54885273.6
6 6 1.71248423e+09
7 6 -1682.6102
8 6 1102.37744
9 6 104.951067
10 6 -905.230238
11 6 -4097.29471
12 6 -8493.45689
13 6 -1679.43468
14 6 922.884831
15 6 139.960709
16 6 -479.881738
17 6 -3869.31184
18 6 -6900.12139
19 6 -1167.81342
20 6 209.996563
21 6 179.566385
22 6 251.443455
23 6 -2697.47469
24 6 -4745.78255
25 6 -591.219294
26 6 -33.5185217
27 6 140.337348
28 6 486.769046
29 6 -1439.61368
30 6 -2548.07968
31 6 -340.1409
32 6 333.110631
33 6 123.163667
34 6 -479.618909
35 6 -717.604998
36 6 -1318.54284
37 6 -219.423577
38 6 231.260834
39 6 77.695422
40 6 -159.730163
41 6 -382.073459
42 6 -940.056703
43 6 -76.2878428
44 6 12.4939581
45 6 34.2897796
46 6 129.612923
47 6 -177.024549
48 6 -701.688779
49 6 -68.7816499
50 6 -98.5449842
51 6 37.7221427
52 6 290.968133
53 6 -204.425539
54 6 -637.754216
55 6 -89.2359283
56 6 -101.309535
57 6 47.5416916
58 6 283.273384
59 6 -260.933579
60 6 -534.874225
61 6 -53.5220978
62 6 -128.576895
63 6 31.4480055
64 6 308.063751
65 6 -207.464744
66 6 -333.910246
67 6 -30.7851665
68 6 -123.302204
69 6 23.8131668
70 6 309.260371
71 6 -158.475838
72 6 -349.253971
1 7 -16201.1085
2 7 -51.6367151
3 7 -978.493758
4 7 43.570374
5 7 -36052.3569
6 7 -1682.6102
7 7 1.72912629e+09
8 7 176266.305
9 7 -3657120.69
10 7 15514.1262
11 7 213981498
12 7 17671496
13 7 -12502.546
14 7 -171.899786
15 7 283.071855
16 7 -101.346864
17 7 -28139.1508
18 7 -1806.11364
19 7 -8889.83931
20 7 -97.0867476
21 7 1252.492
22 7 -803.37518
23 7 -20627.7442
24 7 -1589.31989
25 7 -4827.04372
26 7 -74.8562202
27 7 1173.51007
28 7 -511.448832
29 7 -11928.631
30 7 -807.311301
31 7 -3108.73193
32 7 -53.7440869
33 7 1004.29821
34 7 -463.176833
35 7 -7243.08945
36 7 -447.362363
37 7 -2164.25388
38 7 -1.77831891
39 7 884.440144
40 7 -455.700299
41 7 -4873.72588
42 7 -181.263579
43 7 -1465.29705
44 7 -13.7068045
45 7 689.693392
46 7 -379.724704
47 7 -3345.51628
48 7 157.4168
49 7 -1155.13366
50 7 -18.9955315
