# name: debug
# type: sparse matrix
# nnz: 8100
# rows: 90
# columns: 90

1 1 1.34216846e+10
2 1 51785.0937
3 1 16428790
4 1 -2293254.63
5 1 367932929
6 1 20340122.1
7 1 -195445.237
8 1 6108.76311
9 1 -28651.148
10 1 -2077.45332
11 1 -47422.209
12 1 2880.30665
13 1 -10344.2027
14 1 -127.522236
15 1 1096.99383
16 1 -2.77627827
17 1 -11238.8603
18 1 -1051.05488
19 1 -7606.44792
20 1 -51.2733273
21 1 1202.31823
22 1 -122.970321
23 1 -8265.93869
24 1 -686.219869
25 1 -4654.51719
26 1 -21.4514277
27 1 718.945322
28 1 -223.033423
29 1 -4358.50092
30 1 -485.997794
31 1 -4131.81937
32 1 -21.6879538
33 1 660.979662
34 1 -180.874284
35 1 -3793.01978
36 1 -430.530706
37 1 -3624.23428
38 1 -12.0229178
39 1 562.83698
40 1 -164.638945
41 1 -3233.15304
42 1 -421.604352
43 1 -3103.16035
44 1 -18.1005901
45 1 430.028133
46 1 -122.120023
47 1 -2653.50008
48 1 -383.921614
49 1 -2649.73778
50 1 -2.37036947
51 1 401.891862
52 1 -138.12295
53 1 -2165.98235
54 1 -299.618885
55 1 -2586.73241
56 1 2.51168821
57 1 415.973818
58 1 -131.664014
59 1 -2096.76385
60 1 -304.427809
61 1 -2261.60081
62 1 13.2300712
63 1 430.918165
64 1 -130.574077
65 1 -1756.53105
66 1 -245.574687
67 1 -2132.73622
68 1 7.23203463
69 1 387.316489
70 1 -108.742792
71 1 -1606.15745
72 1 -226.454222
73 1 -2078.61231
74 1 4.64548628
75 1 369.749318
76 1 -101.543288
77 1 -1545.66563
78 1 -212.880109
79 1 -1917.0162
80 1 2.81846393
81 1 311.024109
82 1 -91.5518716
83 1 -1357.90886
84 1 -199.348177
85 1 -937.612299
86 1 1.08164199
87 1 82.5262572
88 1 -65.4289173
89 1 -1026.84348
90 1 -147.434745
1 2 51785.0937
2 2 1.34286946e+10
3 2 11690577.7
4 2 -358928740
5 2 -1544347.8
6 2 7951721.69
7 2 7698.32536
8 2 -200290.644
9 2 22848.5691
10 2 47391.429
11 2 1412.10111
12 2 4407.97983
13 2 -48.8950296
14 2 -10315.7442
15 2 -1617.37195
16 2 10804.1079
17 2 -17.1269376
18 2 -641.32845
19 2 -10.643851
20 2 -7565.58912
21 2 -1095.59571
22 2 7854.68594
23 2 13.8166463
24 2 -775.064583
25 2 -38.4394031
26 2 -4663.44077
27 2 -864.982868
28 2 4285.03618
29 2 -143.261622
30 2 -414.775873
31 2 -40.4315667
32 2 -4146.93326
33 2 -770.481514
34 2 3742.39634
35 2 -123.942701
36 2 -377.134011
37 2 -28.846208
38 2 -3642.72815
39 2 -728.959503
40 2 3209.145
41 2 -79.938849
42 2 -304.331662
43 2 -31.9121335
44 2 -3120.37894
45 2 -654.62153
46 2 2646.82014
47 2 -85.778149
48 2 -214.941952
49 2 -18.6228949
50 2 -2635.58331
51 2 -532.319495
52 2 2119.28833
53 2 -74.9104592
54 2 -238.953119
55 2 -14.9898322
56 2 -2576.31311
57 2 -523.30259
58 2 2053.58761
59 2 -53.7632166
60 2 -248.90552
61 2 -9.03859059
62 2 -2235.97084
63 2 -433.657087
64 2 1680.56892
65 2 -20.855102
66 2 -250.969047
67 2 -14.1490759
68 2 -2113.90587
69 2 -409.895997
70 2 1547.24837
71 2 -26.9008977
72 2 -208.304981
73 2 -16.2929349
74 2 -2059.094
75 2 -392.779845
76 2 1488.2429
77 2 -33.5568799
78 2 -196.135576
79 2 -16.2585378
80 2 -1908.39526
81 2 -367.976001
82 2 1333.32329
83 2 -42.3455655
84 2 -150.931195
85 2 6.35006006
86 2 -935.886216
87 2 -196.911183
88 2 1009.12157
89 2 -29.6719171
90 2 -91.0749973
1 3 16428790
2 3 11690577.7
3 3 1.29911366e+10
4 3 -24135470.3
5 3 -8174510.74
6 3 -27800.2638
7 3 -43824.1675
8 3 45665.4478
9 3 -15375.8671
10 3 -5990.60854
11 3 -7183.668
12 3 -184.034231
13 3 260.021127
14 3 -1273.18789
15 3 -1625.53241
16 3 1523.8164
17 3 559.788681
18 3 -31.6681551
19 3 576.522998
20 3 -831.093572
21 3 -1152.93617
22 3 1001.88369
23 3 838.466069
24 3 -23.8177723
25 3 383.880337
26 3 -474.640755
27 3 -460.695467
28 3 634.123644
29 3 418.303855
30 3 -5.02155282
31 3 352.049822
32 3 -406.519502
33 3 -421.048176
34 3 553.064569
35 3 378.740377
36 3 -2.99980066
37 3 274.187598
38 3 -390.116665
39 3 -346.381957
40 3 528.429655
41 3 280.175507
42 3 -1.5967479
43 3 166.461792
44 3 -343.783587
45 3 -279.739415
46 3 464.965284
47 3 147.957537
48 3 -2.1831079
49 3 159.894547
50 3 -243.873611
51 3 -233.958423
52 3 353.750391
53 3 139.976221
54 3 -7.55511596
55 3 176.813896
56 3 -237.004843
57 3 -223.558233
58 3 344.997262
59 3 161.377211
60 3 -6.06324678
61 3 205.587565
62 3 -161.85326
63 3 -168.062745
64 3 258.441565
65 3 194.705884
66 3 -1.82216402
67 3 167.090503
68 3 -143.298705
69 3 -149.717056
70 3 233.817318
71 3 149.570139
72 3 -1.34891318
73 3 153.138406
74 3 -131.432423
75 3 -141.091346
76 3 218.780164
77 3 132.902403
78 3 -1.65301685
79 3 101.759381
80 3 -115.180974
81 3 -115.405679
82 3 195.61702
83 3 69.8453098
84 3 -2.36163769
85 3 41.2606475
86 3 -152.85919
87 3 -96.2981949
88 3 179.519294
89 3 51.0977945
90 3 -7.7226837
1 4 -2293254.63
2 4 -358928740
3 4 -24135470.3
4 4 1.32666727e+10
5 4 1459363.58
6 4 -18518958.9
7 4 -2558.56426
8 4 46971.0162
9 4 -2088.36612
10 4 -22694.4151
11 4 -177.071893
12 4 -361.739974
13 4 120.701444
14 4 10540.21
15 4 1765.87865
16 4 -11141.1177
17 4 39.3285823
18 4 709.974404
19 4 24.2967878
20 4 7647.24294
21 4 1182.45847
22 4 -8010.52592
23 4 -21.6556605
24 4 800.357841
25 4 21.1351664
26 4 4053.01152
27 4 794.059992
28 4 -4221.57504
29 4 134.916972
30 4 386.821128
31 4 26.6005836
32 4 3535.06292
33 4 694.67527
34 4 -3674.31363
35 4 120.605801
36 4 347.670228
37 4 5.47687476
38 4 3022.03032
39 4 655.178021
40 4 -3130.62125
41 4 66.2471552
42 4 276.489531
43 4 20.1303621
44 4 2484.97235
45 4 575.252545
46 4 -2545.78511
47 4 84.1763945
48 4 189.375761
49 4 6.39473792
50 4 1988.02971
51 4 446.794861
52 4 -2006.05957
53 4 69.8854165
54 4 208.804397
55 4 0.05993745
56 4 1923.98296
57 4 436.085789
58 4 -1935.85717
59 4 45.5852296
60 4 217.805139
61 4 -17.0174151
62 4 1567.89855
63 4 340.211323
64 4 -1541.43077
65 4 1.65823844
66 4 214.600427
67 4 -7.53685761
68 4 1442.08579
69 4 313.818432
70 4 -1404.55121
71 4 13.1618626
72 4 172.135013
73 4 -2.36977519
74 4 1386.86008
75 4 296.777425
76 4 -1343.53926
77 4 22.8824447
78 4 159.822983
79 4 2.56618472
80 4 1238.43769
81 4 270.704259
82 4 -1186.50301
83 4 35.7213011
84 4 114.001072
85 4 -4.22077037
86 4 958.011685
87 4 209.089994
88 4 -1035.81881
89 4 30.1101468
90 4 97.5503329
1 5 367932929
2 5 -1544347.8
3 5 -8174510.74
4 5 1459363.58
5 5 1.32932812e+10
6 5 24478516.5
7 5 -46738.5559
8 5 2817.12693
9 5 -4602.81581
10 5 -863.512077
11 5 -23987.0252
12 5 -625.661606
13 5 -10946.4452
14 5 -86.8826871
15 5 1247.05299
16 5 -100.972741
17 5 -12051.6102
18 5 -1008.92062
19 5 -7994.99539
20 5 16.3273577
21 5 1346.84208
22 5 -222.784694
23 5 -8790.99922
24 5 -656.069995
25 5 -4133.01748
26 5 19.1505251
27 5 611.512529
28 5 -271.108927
29 5 -4397.01915
30 5 -445.036746
31 5 -3590.16572
32 5 9.89094145
33 5 545.03895
34 5 -216.503947
35 5 -3804.69923
36 5 -391.059715
37 5 -3056.55142
38 5 23.9702372
39 5 431.261224
40 5 -202.630498
41 5 -3211.30226
42 5 -383.96435
43 5 -2504.10241
44 5 0.447064054
45 5 281.257122
46 5 -137.722117
47 5 -2590.93524
48 5 -347.433662
49 5 -2037.76655
50 5 10.4290601
51 5 251.659942
52 5 -147.875898
53 5 -2096.03383
54 5 -265.299057
55 5 -1970.72762
56 5 17.5137658
57 5 267.748256
58 5 -145.012696
59 5 -2022.25331
60 5 -270.334554
61 5 -1642.1233
62 5 36.1344239
63 5 284.476002
64 5 -151.442192
65 5 -1672.37779
66 5 -216.554058
67 5 -1500.34395
68 5 24.2217485
69 5 235.312531
70 5 -121.706779
71 5 -1507.95146
72 5 -197.916887
73 5 -1442.53209
74 5 18.0571713
75 5 216.42999
76 5 -109.907168
77 5 -1442.48322
78 5 -185.016265
79 5 -1263.95644
80 5 9.51355191
81 5 150.188431
82 5 -90.6087177
83 5 -1231.17962
84 5 -171.719315
85 5 -983.900657
86 5 9.01164184
87 5 95.4096415
88 5 -79.6200959
89 5 -1081.49149
90 5 -143.653149
1 6 20340122.1
2 6 7951721.69
3 6 -27800.2638
4 6 -18518958.9
5 6 24478516.5
6 6 1.29655731e+10
7 6 5110.94971
8 6 6194.05333
9 6 224.315863
10 6 -734.011518
11 6 -361.679539
12 6 -2166.88471
13 6 -1063.40501
14 6 -353.138154
15 6 75.4362107
16 6 436.005605
17 6 -1064.27487
18 6 -1242.80733
19 6 -720.536178
20 6 -572.088091
21 6 39.0239046
22 6 617.677355
23 6 -733.259797
24 6 -868.036797
25 6 -455.106702
26 6 -313.488867
27 6 2.57731276
28 6 307.352484
29 6 -484.826725
30 6 -358.313917
31 6 -392.538351
32 6 -285.321571
33 6 0.848767227
34 6 279.888308
35 6 -418.029897
36 6 -325.911902
37 6 -374.330491
38 6 -221.332689
39 6 2.57150253
40 6 216.494826
41 6 -396.33892
42 6 -268.077156
43 6 -331.195675
44 6 -129.013671
45 6 5.51959171
46 6 122.368137
47 6 -347.432249
48 6 -219.417991
49 6 -241.852719
50 6 -109.251157
51 6 2.99352714
52 6 97.846994
53 6 -256.222456
54 6 -186.517211
55 6 -235.730612
56 6 -123.847176
57 6 1.73148349
58 6 114.320951
59 6 -249.849194
60 6 -179.286328
61 6 -179.333606
62 6 -145.099298
63 6 -2.79331745
64 6 137.229025
65 6 -197.07138
66 6 -138.040867
67 6 -163.504312
68 6 -110.816847
69 6 -1.69285262
70 6 102.530226
71 6 -179.317776
72 6 -121.593796
73 6 -153.446474
74 6 -97.9821232
75 6 -1.33380727
76 6 89.1710013
77 6 -168.680154
78 6 -114.278449
79 6 -138.568578
80 6 -52.1322436
81 6 0.475709602
82 6 40.8676554
83 6 -151.623922
84 6 -92.4247668
85 6 -130.767162
86 6 -37.3948287
87 6 4.81816015
88 6 34.666459
89 6 -133.975447
90 6 -80.4267653
1 7 -195445.237
2 7 7698.32536
3 7 -43824.1675
4 7 -2558.56426
5 7 -46738.5559
6 7 5110.94971
7 7 1.31451835e+10
8 7 -18162.2397
9 7 2254944.47
10 7 2387152.29
11 7 192404938
12 7 14339596
13 7 -10354.1314
14 7 -128.178524
15 7 1048.71846
16 7 1.85834195
17 7 -11245.5387
18 7 -1092.40651
19 7 -7705.75716
20 7 -64.8824785
21 7 1165.23251
22 7 -109.310887
23 7 -8394.37697
24 7 -748.861019
25 7 -4587.46546
26 7 -31.1129141
27 7 612.73374
28 7 -198.391473
29 7 -4488.11984
30 7 -520.59993
31 7 -4077.81606
32 7 -31.4800442
33 7 556.800248
34 7 -156.76365
35 7 -3936.26915
36 7 -466.453018
37 7 -3569.85539
38 7 -19.83036
39 7 463.974142
40 7 -143.962459
41 7 -3377.28311
42 7 -454.8613
43 7 -3062.63528
44 7 -24.0121832
45 7 335.760326
46 7 -105.724477
47 7 -2812.54002
48 7 -419.111618
49 7 -2589.12375
50 7 -8.02972261
51 7 313.542958
52 7 -125.187267
53 7 -2306.07209
54 7 -331.498786
55 7 -2495.75498
56 7 -1.88387327
57 7 336.317469
58 7 -120.691645
59 7 -2204.60014
60 7 -328.962622
61 7 -2113.444
62 7 12.1657013
63 7 367.92114
64 7 -124.937726
65 7 -1805.60841
66 7 -254.380278
67 7 -1972.1191
68 7 6.7982308
69 7 320.652922
70 7 -102.607628
71 7 -1641.07124
72 7 -234.273367
73 7 -1915.81701
74 7 4.35041741
75 7 303.175822
76 7 -95.4656274
77 7 -1578.0165
78 7 -220.205948
79 7 -1736.42971
80 7 2.7993988
81 7 239.093678
82 7 -84.509392
83 7 -1368.36246
84 7 -204.827703
85 7 -1000.79981
86 7 -1.05619243
87 7 74.1640197
88 7 -63.6270171
89 7 -1092.28836
90 7 -156.736993
1 8 6108.76311
2 8 -200290.644
3 8 45665.4478
4 8 46971.0162
5 8 2817.12693
6 8 6194.05333
7 8 -18162.2397
8 8 1.31477657e+10
9 8 13279655.3
10 8 -188482938
11 8 1789772.26
12 8 4157638.7
13 8 -45.2146894
14 8 -10302.6571
15 8 -1624.99636
16 8 10804.9498
17 8 -15.1473498
18 8 -601.730789
19 8 -12.2777888
20 8 -7652.0577
21 8 -1146.43092
22 8 7980.63671
23 8 12.8230229
24 8 -748.856967
25 8 -28.981736
26 8 -4590.79354
27 8 -878.035948
28 8 4416.07371
29 8 -167.504888
30 8 -363.332541
31 8 -31.0114688
32 8 -4088.71063
33 8 -786.616985
34 8 3888.24031
35 8 -148.109261
36 8 -326.955102
37 8 -18.4283301
38 8 -3583.54166
39 8 -742.914272
40 8 3354.31788
41 8 -101.620342
42 8 -258.015047
43 8 -20.8120066
44 8 -3076.4909
45 8 -672.879178
46 8 2807.74035
47 8 -106.413348
48 8 -172.076348
49 8 -6.9692571
50 8 -2579.26884
51 8 -545.936876
52 8 2267.71522
53 8 -94.3805138
54 8 -204.886874
55 8 -2.43551419
56 8 -2488.46177
57 8 -526.126384
58 8 2167.32225
59 8 -67.8904802
60 8 -222.083255
61 8 6.47364515
62 8 -2089.68871
63 8 -415.564705
64 8 1731.0128
65 8 -25.2149043
66 8 -237.153652
67 8 1.71184173
68 8 -1956.2441
69 8 -390.77473
70 8 1586.18304
71 8 -30.769337
72 8 -190.956466
73 8 -0.465905037
74 8 -1899.77605
75 8 -373.648573
76 8 1525.14267
77 8 -37.3874001
78 8 -178.706505
79 8 -0.685822723
80 8 -1733.39878
81 8 -347.022379
82 8 1352.19182
83 8 -45.8961622
84 8 -128.166701
85 8 4.13054903
86 8 -999.310792
87 8 -207.442902
88 8 1077.73665
89 8 -37.74673
90 8 -84.8692258
1 9 -28651.148
2 9 22848.5691
3 9 -15375.8671
4 9 -2088.36612
5 9 -4602.81581
6 9 224.315863
7 9 2254944.47
8 9 13279655.3
9 9 1.29491502e+10
10 9 -21119819.1
11 9 -5634021.38
12 9 -3372.83931
13 9 317.783222
14 9 -1442.25149
15 9 -1652.63957
16 9 1704.12488
17 9 625.560112
18 9 -29.0511405
19 9 613.009538
20 9 -1002.90427
21 9 -1205.61548
22 9 1194.99588
23 9 896.525827
24 9 -27.5534967
25 9 382.028213
26 9 -650.612418
27 9 -520.052863
28 9 767.557347
29 9 402.188572
30 9 -8.19885003
31 9 346.068433
32 9 -576.747659
33 9 -479.993547
34 9 680.682978
35 9 358.875497
36 9 -6.36808136
37 9 269.328875
38 9 -550.057995
39 9 -402.99959
40 9 645.046506
41 9 262.591884
42 9 -4.30413271
43 9 160.36212
44 9 -498.761631
45 9 -336.715781
46 9 576.726258
47 9 129.126019
48 9 -4.49086387
49 9 156.733351
50 9 -387.653142
51 9 -286.183502
52 9 452.946157
53 9 123.577358
54 9 -12.7409197
55 9 182.957824
56 9 -370.162299
57 9 -268.957135
58 9 431.818965
59 9 156.759711
60 9 -11.1717036
61 9 227.309323
62 9 -270.342738
63 9 -199.614012
64 9 318.455761
65 9 208.953906
66 9 -6.94412873
67 9 184.362494
68 9 -249.444874
69 9 -179.158499
70 9 290.778683
71 9 158.604604
72 9 -5.95554372
73 9 169.768285
74 9 -236.19004
75 9 -169.636182
76 9 274.231763
77 9 141.060221
78 9 -6.24694059
79 9 111.835287
80 9 -215.825753
81 9 -140.531157
82 9 246.41097
83 9 69.7763191
84 9 -6.55678521
85 9 39.9805814
86 9 -175.77021
87 9 -103.319563
88 9 204.268434
89 9 48.2899213
90 9 -7.85139725
1 10 -2077.45332
2 10 47391.429
3 10 -5990.60854
4 10 -22694.4151
5 10 -863.512077
6 10 -734.011518
7 10 2387152.29
8 10 -188482938
9 10 -21119819.1
10 10 1.31156909e+10
11 10 1290334.03
12 10 -7085479.88
13 10 -70.3519817
14 10 10665.3815
15 10 1849.16666
16 10 -11292.4848
17 10 -178.828543
18 10 665.327232
19 10 -119.059749
20 10 7863.29615
21 10 1308.64717
22 10 -8282.49398
23 10 -198.549578
24 10 783.736187
25 10 -37.8412415
26 10 4243.25517
27 10 868.466972
28 10 -4472.56056
29 10 94.2471989
30 10 346.65938
31 10 -23.037449
32 10 3732.62648
33 10 769.521778
34 10 -3932.34341
35 10 89.8572341
36 10 309.143487
37 10 -36.2587342
38 10 3214.11735
39 10 723.887022
40 10 -3382.44841
41 10 42.932431
42 10 240.946255
43 10 -12.3105034
44 10 2685.1857
45 10 643.875518
46 10 -2805.78293
47 10 71.8162691
48 10 157.059066
49 10 -20.1742415
50 10 2168.27892
51 10 507.921422
52 10 -2244.65729
53 10 64.2878533
54 10 188.291094
55 10 -29.0581257
56 10 2070.40995
57 10 485.06347
58 10 -2136.56448
59 10 32.2710337
60 10 204.124472
61 10 -47.9424695
62 10 1649.12488
63 10 365.20034
64 10 -1671.53675
65 10 -20.4767578
66 10 213.456641
67 10 -35.1517979
68 10 1510.11346
69 10 336.305533
70 10 -1520.46015
71 10 -5.33129527
72 10 167.124995
73 10 -28.6475746
74 10 1451.91469
75 10 318.087956
76 10 -1456.07507
77 10 6.10647064
78 10 154.849505
79 10 -19.2496204
80 10 1283.91705
81 10 287.788213
82 10 -1277.6044
83 10 24.4720282
84 10 103.601615
85 10 -17.6473904
86 10 1037.36657
87 10 225.387342
88 10 -1123.02742
89 10 21.3720279
90 10 90.7858358
1 11 -47422.209
2 11 1412.10111
3 11 -7183.668
4 11 -177.071893
5 11 -23987.0252
6 11 -361.679539
7 11 192404938
8 11 1789772.26
9 11 -5634021.38
10 11 1290334.03
11 11 1.31272658e+10
12 11 15495269.1
13 11 -11072.6304
14 11 -253.704581
15 11 1208.56708
16 11 72.0368342
17 11 -12187.0272
18 11 -1083.84419
19 11 -8215.13014
20 11 -121.174466
21 11 1338.41524
22 11 -95.5965019
23 11 -9068.55503
24 11 -748.347703
25 11 -4325.46642
26 11 -70.1277255
27 11 550.885612
28 11 -173.402519
29 11 -4641.52077
30 11 -496.606063
31 11 -3789.68742
32 11 -71.3419706
33 11 486.731316
34 11 -127.256188
35 11 -4056.57537
36 11 -442.536863
37 11 -3250.719
38 11 -45.2414039
39 11 377.97375
40 11 -126.898627
41 11 -3457.72692
42 11 -431.426702
43 11 -2705.66697
44 11 -57.2002894
45 11 231.61544
46 11 -76.1894126
47 11 -2845.752
48 11 -394.452523
49 11 -2214.61009
50 11 -37.8647547
51 11 209.801435
52 11 -99.4790578
53 11 -2324.63611
54 11 -308.841709
55 11 -2115.57261
56 11 -25.6427071
57 11 236.397528
58 11 -102.293449
59 11 -2216.10842
60 11 -307.442442
61 11 -1725.40086
62 11 6.30504661
63 11 273.060827
64 11 -124.508205
65 11 -1802.61408
66 11 -238.515122
67 11 -1567.98111
68 11 -3.08059047
69 11 219.484407
70 11 -96.0053194
71 11 -1620.02332
72 11 -217.726594
73 11 -1506.83871
74 11 -8.29677566
75 11 200.346121
76 11 -85.0641658
77 11 -1550.9079
78 11 -203.729207
79 11 -1304.89188
80 11 -13.8321612
81 11 126.906649
82 11 -67.3675929
83 11 -1312.0434
84 11 -187.469016
85 11 -1059.23596
86 11 -10.8700587
87 11 84.7116563
88 11 -59.6014393
89 11 -1161.2414
90 11 -156.161774
1 12 2880.30665
2 12 4407.97983
3 12 -184.034231
4 12 -361.739974
5 12 -625.661606
6 12 -2166.88471
7 12 14339596
8 12 4157638.7
9 12 -3372.83931
10 12 -7085479.88
11 12 15495269.1
12 12 1.29459514e+10
13 12 -1029.13557
14 12 -355.648637
15 12 64.4454131
16 12 443.774598
17 12 -1020.11373
18 12 -1249.92861
19 12 -728.786234
20 12 -578.585331
21 12 31.139734
22 12 636.56007
23 12 -736.43358
24 12 -901.527231
25 12 -482.600607
26 12 -293.816216
27 12 2.96410666
28 12 288.141748
29 12 -497.701335
30 12 -381.583717
31 12 -424.31154
32 12 -264.131828
33 12 2.05188017
34 12 258.889908
35 12 -435.5148
36 12 -350.287778
37 12 -406.749775
38 12 -202.210399
39 12 4.32087549
40 12 197.236755
41 12 -415.153995
42 12 -291.542394
43 12 -368.422197
44 12 -109.542963
45 12 8.40039229
46 12 102.151032
47 12 -371.427047
48 12 -244.075374
49 12 -277.614496
50 12 -92.8326316
51 12 6.19385016
52 12 79.7075612
53 12 -278.812534
54 12 -208.663526
55 12 -264.571626
56 12 -115.883796
57 12 3.96815048
58 12 105.206487
59 12 -266.250935
60 12 -196.601745
61 12 -195.799556
62 12 -151.818511
63 12 -2.09799926
64 12 142.846742
65 12 -203.171034
66 12 -147.014018
67 12 -180.405713
68 12 -113.824275
69 12 -0.438593635
70 12 104.171387
71 12 -185.871157
72 12 -129.070896
73 12 -170.236865
74 12 -100.493897
75 12 0.0756634163
76 12 90.233962
77 12 -175.174691
78 12 -121.404684
79 12 -155.178589
80 12 -48.9949433
81 12 2.63205806
82 12 35.9423675
83 12 -157.936075
84 12 -97.1066806
85 12 -131.907986
86 12 -31.8550726
87 12 4.39053073
88 12 29.522722
89 12 -133.747783
90 12 -82.5044174
1 13 -10344.2027
2 13 -48.8950296
3 13 260.021127
4 13 120.701444
5 13 -10946.4452
6 13 -1063.40501
7 13 -10354.1314
8 13 -45.2146894
9 13 317.783222
10 13 -70.3519817
11 13 -11072.6304
12 13 -1029.13557
13 13 1.85578959e+10
14 13 -42754711.2
15 13 579505545
16 13 6109492.28
17 13 502402099
18 13 -2180540.81
19 13 -259361841
20 13 12463654
21 13 -36339043.3
22 13 -1011584.75
23 13 -10044646.6
24 13 1787307.95
25 13 -6579897.42
26 13 -665156.349
27 13 762814.268
28 13 -13351.0309
29 13 341034.77
30 13 59230.6235
31 13 -6691032.91
32 13 -683813.736
33 13 803855.266
34 13 -14171.8523
35 13 345453.934
36 13 61374.6098
37 13 -4550.50674
38 13 -2.78252864
39 13 502.619361
40 13 -207.951689
41 13 -4580.33044
42 13 -647.444889
43 13 -3946.33796
44 13 -5.88867092
45 13 377.538865
46 13 -171.094396
47 13 -3921.06188
48 13 -579.794057
49 13 -3069.79545
50 13 -5.07959871
51 13 231.251904
52 13 -139.705519
53 13 -2972.72139
54 13 -414.529602
55 13 -2967.79092
56 13 -0.808676393
57 13 254.333889
58 13 -129.135028
59 13 -2860.27938
60 13 -417.158134
61 13 -2227.86033
62 13 31.7695458
63 13 371.877425
64 13 -155.238876
65 13 -2138.53333
66 13 -276.945446
67 13 -1913.73025
68 13 23.683491
69 13 297.835817
70 13 -117.065997
71 13 -1789.69369
72 13 -228.39793
73 13 -1867.92028
74 13 21.4124403
75 13 284.596941
76 13 -111.971819
77 13 -1738.62284
78 13 -216.434544
79 13 -1702.69171
80 13 20.40249
81 13 227.155371
82 13 -105.020447
83 13 -1544.99905
84 13 -203.874578
85 13 -1123.57079
86 13 2.37441718
87 13 94.1781646
88 13 -74.043524
89 13 -1237.27417
90 13 -155.559261
1 14 -127.522236
2 14 -10315.7442
3 14 -1273.18789
4 14 10540.21
5 14 -86.8826871
6 14 -353.138154
7 14 -128.178524
8 14 -10302.6571
9 14 -1442.25149
10 14 10665.3815
11 14 -253.704581
12 14 -355.648637
13 14 -42754711.2
14 14 1.8595009e+10
15 14 -411165248
16 14 -500769918
17 14 156687.85
18 14 -11125107.9
19 14 12309589.1
20 14 -266081010
21 14 40857452.2
22 14 10461852.9
23 14 755347.476
24 14 1520553.69
25 14 287812.94
26 14 -7175239.14
27 14 -1617360.09
28 14 -382262.666
29 14 -8384.29708
30 14 37001.0195
31 14 306233.82
32 14 -7320849.12
33 14 -1666405.87
34 14 -388383.784
35 14 -10297.022
36 14 39035.5272
37 14 -54.4998401
38 14 -4563.33695
39 14 -1010.00184
40 14 4561.57652
41 14 -175.658595
42 14 -336.652997
43 14 -52.1258719
44 14 -3949.78286
45 14 -895.789836
46 14 3899.44777
47 14 -174.746755
48 14 -259.729747
49 14 -40.2966639
50 14 -3058.2041
51 14 -651.049543
52 14 2933.36893
53 14 -175.356047
54 14 -208.424503
55 14 -36.0307768
56 14 -2961.18547
57 14 -633.641204
58 14 2827.17068
59 14 -145.700067
60 14 -225.628584
61 14 0.633378752
62 14 -2205.17171
63 14 -412.056711
64 14 2068.1109
65 14 -45.2268008
66 14 -291.597944
67 14 -4.63263865
68 14 -1892.6013
69 14 -352.466934
70 14 1730.03059
71 14 -48.0029133
72 14 -217.098107
73 14 -5.97666499
74 14 -1846.30764
75 14 -338.788487
76 14 1679.95389
77 14 -53.4994268
78 14 -208.797748
79 14 -5.19699433
80 14 -1691.44437
81 14 -315.779348
82 14 1517.94335
83 14 -60.8637613
84 14 -164.225646
85 14 -4.87934859
86 14 -1124.21192
87 14 -206.292075
88 14 1218.23856
89 14 -54.8091726
90 14 -110.404891
1 15 1096.99383
2 15 -1617.37195
3 15 -1625.53241
4 15 1765.87865
5 15 1247.05299
6 15 75.4362107
7 15 1048.71846
8 15 -1624.99636
9 15 -1652.63957
10 15 1849.16666
11 15 1208.56708
12 15 64.4454131
13 15 579505545
14 15 -411165248
15 15 1.3366844e+10
16 15 -17040580.8
17 15 -15048993.4
18 15 -226499.647
19 15 -36876851.7
20 15 40518465.3
21 15 -17773927.4
22 15 -1799414.44
23 15 -1159929.32
24 15 -42503.7207
25 15 -2354166.35
26 15 -3304864.5
27 15 -401742.032
28 15 -169157.71
29 15 128554.071
30 15 38616.0388
31 15 -2388788.37
32 15 -3374179.44
33 15 -407132.026
34 15 -171839.639
35 15 128760.516
36 15 40197.0538
37 15 713.475278
38 15 -933.715548
39 15 -647.833211
40 15 1039.93139
41 15 681.11566
42 15 32.6033325
43 15 568.923244
44 15 -828.697124
45 15 -556.490483
46 15 911.172242
47 15 510.049656
48 15 28.6440998
49 15 394.354986
50 15 -595.23118
51 15 -404.900076
52 15 637.34994
53 15 311.805427
54 15 9.48761464
55 15 414.44167
56 15 -579.634269
57 15 -389.245022
58 15 617.245205
59 15 339.06385
60 15 10.9768596
61 15 505.274504
62 15 -370.062209
63 15 -262.612287
64 15 405.510753
65 15 431.988564
66 15 6.25899931
67 15 419.569222
68 15 -313.651589
69 15 -226.961319
70 15 335.896154
71 15 335.712405
72 15 6.32011984
73 15 405.409067
74 15 -301.698828
75 15 -217.862401
76 15 321.302422
77 15 318.857096
78 15 5.18182587
79 15 341.583344
80 15 -281.094132
81 15 -187.030743
82 15 294.178395
83 15 240.932847
84 15 4.8340049
85 15 133.726661
86 15 -191.116064
87 15 -111.417105
88 15 224.988881
89 15 153.016838
90 15 1.0911978
1 16 -2.77627827
2 16 10804.1079
3 16 1523.8164
4 16 -11141.1177
5 16 -100.972741
6 16 436.005605
7 16 1.85834195
8 16 10804.9498
9 16 1704.12488
10 16 -11292.4848
11 16 72.0368342
12 16 443.774598
13 16 6109492.28
14 16 -500769918
15 16 -17040580.8
16 16 1.31511268e+10
17 16 -73821.2859
18 16 -15183692
19 16 -976971.671
20 16 10586333.8
21 16 -1825113.01
22 16 -566259.258
23 16 -18350.7451
24 16 -73265.7007
25 16 -57293.1664
26 16 -593746.095
27 16 -122372.097
28 16 -39703.7139
29 16 4056.94016
30 16 4122.83265
31 16 -57221.6132
32 16 -607587.61
33 16 -126353.855
34 16 -38614.5108
35 16 3803.49211
36 16 4306.75668
37 16 -31.5326599
38 16 4456.80407
39 16 1047.60623
40 16 -4730.1755
41 16 77.1570878
42 16 355.830645
43 16 -9.37831833
44 16 3804.80459
45 16 916.765443
46 16 -4020.22762
47 16 104.126822
48 16 280.085207
49 16 13.3128587
50 16 2861.83911
51 16 642.715135
52 16 -2986.90455
53 16 139.591621
54 16 231.268802
55 16 4.52089015
56 16 2757.70993
57 16 622.276998
58 16 -2872.5842
59 16 103.731662
60 16 247.033295
61 16 -55.436896
62 16 2021.05165
63 16 404.958303
64 16 -2114.25392
65 16 -12.9416195
66 16 288.801584
67 16 -35.2636425
68 16 1688.93847
69 16 337.481594
70 16 -1753.87502
71 16 6.51188097
72 16 212.258938
73 16 -30.1508665
74 16 1640.01396
75 16 322.204143
76 16 -1699.87073
77 16 16.4396687
78 16 203.760137
79 16 -22.2560135
80 16 1478.75225
81 16 294.827386
82 16 -1528.53846
83 16 33.8613546
84 16 157.441737
85 16 -11.38604
86 16 1192.63435
87 16 227.274314
88 16 -1297.79698
89 16 37.4639153
90 16 122.5366
1 17 -11238.8603
2 17 -17.1269376
3 17 559.788681
4 17 39.3285823
5 17 -12051.6102
6 17 -1064.27487
7 17 -11245.5387
8 17 -15.1473498
9 17 625.560112
10 17 -178.828543
11 17 -12187.0272
12 17 -1020.11373
13 17 502402099
14 17 156687.85
15 17 -15048993.4
16 17 -73821.2859
17 17 1.31656342e+10
18 17 22252218.6
19 17 -10185844.7
20 17 802904.687
21 17 -1165995.67
22 17 -22612.3874
23 17 -552442.064
24 17 52645.7413
25 17 531815.105
26 17 133498.631
27 17 -44840.7544
28 17 5149.95045
29 17 -36304.6447
30 17 -6328.95328
31 17 542381.512
32 17 136703.136
33 17 -47674.7175
34 17 5299.86732
35 17 -35002.1724
36 17 -6299.18406
37 17 -4528.09915
38 17 37.9385964
39 17 561.656158
40 17 -289.431568
41 17 -4843.07738
42 17 -614.98286
43 17 -3869.98656
44 17 18.0017189
45 17 408.406876
46 17 -228.308135
47 17 -4117.747
48 17 -546.824802
49 17 -2928.39954
50 17 -11.5094616
51 17 233.452832
52 17 -160.307965
53 17 -3092.3533
54 17 -385.263872
55 17 -2821.42651
56 17 -2.67362481
57 17 258.806236
58 17 -154.484176
59 17 -2973.95436
60 17 -389.556808
61 17 -2123.79513
62 17 51.7606995
63 17 359.658645
64 17 -195.954822
65 17 -2272.15574
66 17 -272.126381
67 17 -1775.77709
68 17 32.916646
69 17 273.841868
70 17 -142.811207
71 17 -1885.27152
72 17 -221.520941
73 17 -1723.99157
74 17 27.4481483
75 17 258.111237
76 17 -133.295031
77 17 -1826.9253
78 17 -209.170299
79 17 -1528.11885
80 17 21.251679
81 17 187.641131
82 17 -117.954101
83 17 -1595.09552
84 17 -195.764335
85 17 -1221.01168
86 17 7.90566924
87 17 121.979118
88 17 -89.4858006
89 17 -1352.78709
90 17 -156.925595
1 18 -1051.05488
2 18 -641.32845
3 18 -31.6681551
4 18 709.974404
5 18 -1008.92062
6 18 -1242.80733
7 18 -1092.40651
8 18 -601.730789
9 18 -29.0511405
10 18 665.327232
11 18 -1083.84419
12 18 -1249.92861
13 18 -2180540.81
14 18 -11125107.9
15 18 -226499.647
16 18 -15183692
17 18 22252218.6
18 18 1.29523851e+10
19 18 1762487.08
20 18 1542674.38
21 18 -53720.7779
22 18 -72779.5825
23 18 50241.2021
24 18 -47140.3015
25 18 184931.463
26 18 -208369.756
27 18 -71468.843
28 18 -11564.5699
29 18 -10624.0068
30 18 -1135.45673
31 18 188791.76
32 18 -212514.175
33 18 -74136.7618
34 18 -11707.831
35 18 -10536.3884
36 18 -993.523943
37 18 -631.625715
38 18 -398.536405
39 18 -11.8826923
40 18 397.40584
41 18 -627.720936
42 18 -413.355427
43 18 -554.453143
44 18 -295.652544
45 18 -7.67140874
46 18 292.653774
47 18 -545.66241
48 18 -355.188445
49 18 -379.485043
50 18 -163.626145
51 18 -2.49420897
52 18 155.871633
53 18 -367.758576
54 18 -259.288956
55 18 -367.773853
56 18 -185.437084
57 18 -4.17642947
58 18 180.327085
59 18 -355.595878
60 18 -247.590705
61 18 -238.630529
62 18 -269.567758
63 18 -12.2832208
64 18 251.525741
65 18 -246.911216
66 18 -167.914088
67 18 -196.720531
68 18 -203.06751
69 18 -9.42876897
70 18 184.083422
71 18 -200.742236
72 18 -140.122591
73 18 -188.08123
74 18 -191.713292
75 18 -8.78882727
76 18 172.103365
77 18 -191.883253
78 18 -133.610778
79 18 -173.977159
80 18 -140.381765
81 18 -6.22647816
82 18 117.913034
83 18 -176.126358
84 18 -110.354857
85 18 -135.377791
86 18 -77.8738449
87 18 -1.24417699
88 18 80.2405413
89 18 -140.605985
90 18 -89.13967
1 19 -7606.44792
2 19 -10.643851
3 19 576.522998
4 19 24.2967878
5 19 -7994.99539
6 19 -720.536178
7 19 -7705.75716
8 19 -12.2777888
9 19 613.009538
10 19 -119.059749
11 19 -8215.13014
12 19 -728.786234
13 19 -259361841
14 19 12309589.1
15 19 -36876851.7
16 19 -976971.671
17 19 -10185844.7
18 19 1762487.08
19 19 1.86620423e+10
20 19 -48546977.8
21 19 584997269
22 19 7612785.42
23 19 492893567
24 19 -5060253.01
25 19 -6506201.32
26 19 -650186.987
27 19 754794.996
28 19 -12696.7349
29 19 334214.668
30 19 58080.0298
31 19 -6614667.05
32 19 -668374.563
33 19 795854.45
34 19 -13612.9281
35 19 339713.03
36 19 60402.3047
37 19 -5756.85408
38 19 -0.385525296
39 19 630.966603
40 19 -209.971248
41 19 -5270.89643
42 19 -773.775415
43 19 -4954.14008
44 19 -0.297857688
45 19 521.772774
46 19 -172.677194
47 19 -4397.36274
48 19 -690.571936
49 19 -4015.32857
50 19 6.79226284
51 19 364.036337
52 19 -146.75295
53 19 -3376.69309
54 19 -493.027762
55 19 -3905.35493
56 19 12.5418388
57 19 389.127708
58 19 -135.812727
59 19 -3257.01808
60 19 -493.767824
61 19 -3115.46744
62 19 46.6043399
63 19 520.892417
64 19 -163.072306
65 19 -2488.59589
66 19 -346.735849
67 19 -2796.7418
68 19 38.4356089
69 19 445.94342
70 19 -124.091866
71 19 -2133.46612
72 19 -297.231075
73 19 -2739.42277
74 19 36.1760133
75 19 432.335162
76 19 -119.550337
77 19 -2072.19399
78 19 -281.778455
79 19 -2533.02302
80 19 39.1626433
81 19 381.839137
82 19 -118.927193
83 19 -1845.30501
84 19 -259.605969
85 19 -1241.00381
86 19 -5.28911421
87 19 71.8727998
88 19 -66.0688557
89 19 -1342.85175
90 19 -186.272926
1 20 -51.2733273
2 20 -7565.58912
3 20 -831.093572
4 20 7647.24294
5 20 16.3273577
6 20 -572.088091
7 20 -64.8824785
8 20 -7652.0577
9 20 -1002.90427
10 20 7863.29615
11 20 -121.174466
12 20 -578.585331
13 20 12463654
14 20 -266081010
15 20 40518465.3
16 20 10586333.8
17 20 802904.687
18 20 1542674.38
19 20 -48546977.8
20 20 1.87013379e+10
21 20 -437301208
22 20 -491428738
23 20 2037010.94
24 20 -14033581
25 20 285278.168
26 20 -7055954.16
27 20 -1590906.25
28 20 -373167.574
29 20 -8671.28575
30 20 36794.8416
31 20 303430.397
32 20 -7197746.13
33 20 -1638675.15
34 20 -380203.065
35 20 -10360.5237
36 20 38551.1606
37 20 -87.1298081
38 20 -5763.40817
39 20 -1281.53977
40 20 5271.79726
41 20 -233.39497
42 20 -330.69227
43 20 -80.7545167
44 20 -4956.95867
45 20 -1141.84382
46 20 4408.60714
47 20 -220.958064
48 20 -276.97764
49 20 -61.1440534
50 20 -3986.37939
51 20 -858.431415
52 20 3340.66092
53 20 -216.771071
54 20 -223.561084
55 20 -55.3816821
56 20 -3882.32817
57 20 -836.771988
58 20 3225.73184
59 20 -182.521954
60 20 -241.709327
61 20 -17.3344246
62 20 -3080.63012
63 20 -605.098273
64 20 2423.91189
65 20 -75.9297567
66 20 -317.465064
67 20 -22.8305936
68 20 -2763.5867
69 20 -545.169974
70 20 2079.66706
71 20 -78.4841234
72 20 -241.356054
73 20 -23.4967024
74 20 -2704.75611
75 20 -525.380054
76 20 2018.42605
77 20 -83.5131772
78 20 -233.57752
79 20 -18.012377
80 20 -2505.6661
81 20 -484.269027
82 20 1818.95515
83 20 -85.3911496
84 20 -194.698711
85 20 -13.5008954
86 20 -1247.21414
87 20 -256.455656
88 20 1335.07563
89 20 -73.7441434
90 20 -99.4943863
1 21 1202.31823
2 21 -1095.59571
3 21 -1152.93617
4 21 1182.45847
5 21 1346.84208
6 21 39.0239046
7 21 1165.23251
8 21 -1146.43092
9 21 -1205.61548
10 21 1308.64717
11 21 1338.41524
12 21 31.139734
13 21 -36339043.3
14 21 40857452.2
15 21 -17773927.4
16 21 -1825113.01
17 21 -1165995.67
18 21 -53720.7779
19 21 584997269
20 21 -437301208
21 21 1.33722108e+10
22 21 -15053781.2
23 21 -12053646.2
24 21 -222950.014
25 21 -2324719.37
26 21 -3224926.58
27 21 -388792.01
28 21 -164270.788
29 21 126342.175
30 21 37961.5417
31 21 -2358630.52
32 21 -3292147.2
33 21 -393552.525
34 21 -167216.318
35 21 126875.815
36 21 39486.2227
37 21 980.236913
38 21 -1162.08019
39 21 -822.229552
40 21 1225.98004
41 21 721.243291
42 21 45.9077177
43 21 846.666689
44 21 -1035.42887
45 21 -716.224608
46 21 1074.14412
47 21 564.149195
48 21 39.6015174
49 21 662.231641
50 21 -765.061384
51 21 -551.455176
52 21 753.764271
53 21 351.394627
54 21 16.5874013
55 21 684.069706
56 21 -745.455143
57 21 -533.820829
58 21 728.089791
59 21 381.141249
60 21 18.2988278
61 21 786.199823
62 21 -526.008335
63 21 -399.125412
64 21 505.905053
65 21 487.795076
66 21 13.5834536
67 21 699.455414
68 21 -468.839859
69 21 -362.803786
70 21 435.118735
71 21 389.912867
72 21 13.7289892
73 21 685.314316
74 21 -452.303271
75 21 -350.396742
76 21 416.157001
77 21 373.038065
78 21 12.1308556
79 21 627.250008
80 21 -415.140848
81 21 -308.95611
82 21 374.029383
83 21 301.40762
84 21 10.9897047
85 21 115.984728
86 21 -239.498806
87 21 -140.809663
88 21 271.63355
89 21 135.390885
90 21 2.07743315
1 22 -122.970321
2 22 7854.68594
3 22 1001.88369
4 22 -8010.52592
5 22 -222.784694
6 22 617.677355
7 22 -109.310887
8 22 7980.63671
9 22 1194.99588
10 22 -8282.49398
11 22 -95.5965019
12 22 636.56007
13 22 -1011584.75
14 22 10461852.9
15 22 -1799414.44
16 22 -566259.258
17 22 -22612.3874
18 22 -72779.5825
19 22 7612785.42
20 22 -491428738
21 22 -15053781.2
22 22 1.31348298e+10
23 22 -1189195.42
24 22 -13002284.5
25 22 -54604.9543
26 22 -582654.517
27 22 -120146.082
28 22 -41269.696
29 22 4176.37898
30 22 3732.07404
31 22 -54648.3468
32 22 -597270.41
33 22 -124421.362
34 22 -39365.9408
35 22 3751.2449
36 22 4064.86115
37 22 -20.3233035
38 22 5136.6789
39 22 1240.93473
40 22 -5325.82982
41 22 119.003688
42 22 327.840306
43 22 0.0637789885
44 22 4287.42309
45 22 1083.15829
46 22 -4407.14926
47 22 135.718845
48 22 274.84324
49 22 21.7077539
50 22 3244.15308
51 22 761.65332
52 22 -3246.95716
53 22 169.992431
54 22 221.425647
55 22 11.1741564
56 22 3131.45158
57 22 735.897904
58 22 -3122.83223
59 22 129.543157
60 22 237.830412
61 22 -49.9051711
62 22 2354.03182
63 22 508.233713
64 22 -2324.88399
65 22 7.58526715
66 22 288.321175
67 22 -28.2679513
68 22 2015.96957
69 22 439.573308
70 22 -1957.47057
71 22 28.494917
72 22 210.446261
73 22 -23.5417445
74 22 1956.21064
75 22 419.458125
76 22 -1892.87442
77 22 38.1897017
78 22 202.009807
79 22 -20.4562176
80 22 1758.26926
81 22 375.894657
82 22 -1688.01762
83 22 49.7249983
84 22 159.136983
85 22 -2.81912358
86 22 1304.63248
87 22 274.445731
88 22 -1406.11718
89 22 53.1644128
90 22 115.73416
1 23 -8265.93869
2 23 13.8166463
3 23 838.466069
4 23 -21.6556605
5 23 -8790.99922
6 23 -733.259797
7 23 -8394.37697
8 23 12.8230229
9 23 896.525827
10 23 -198.549578
11 23 -9068.55503
12 23 -736.43358
13 23 -10044646.6
14 23 755347.476
15 23 -1159929.32
16 23 -18350.7451
17 23 -552442.064
18 23 50241.2021
19 23 492893567
20 23 2037010.94
21 23 -12053646.2
22 23 -1189195.42
23 23 1.31484955e+10
24 23 20433487.2
25 23 527149.201
26 23 132259.134
27 23 -45398.3117
28 23 5266.1816
29 23 -38457.9117
30 23 -6614.18318
31 23 538735.304
32 23 135570.791
33 23 -47897.1591
34 23 5297.32425
35 23 -36269.2089
36 23 -6442.07607
37 23 -5207.33944
38 23 -0.281065813
39 23 559.487223
40 23 -254.074554
41 23 -5396.44353
42 23 -720.836727
43 23 -4339.64164
44 23 -11.8546132
45 23 425.631599
46 23 -197.701965
47 23 -4442.37581
48 23 -635.933027
49 23 -3325.8752
50 23 -35.4865332
51 23 237.842629
52 23 -134.338469
53 23 -3339.69081
54 23 -439.161381
55 23 -3212.36837
56 23 -24.4819523
57 23 265.115362
58 23 -130.406897
59 23 -3215.7035
60 23 -440.931426
61 23 -2469.4959
62 23 35.54446
63 23 380.864783
64 23 -177.771558
65 23 -2469.88489
66 23 -317.213406
67 23 -2115.50427
68 23 17.9859655
69 23 293.993428
70 23 -125.227028
71 23 -2075.86049
72 23 -265.326879
73 23 -2053.50371
74 23 13.0431319
75 23 278.280145
76 23 -116.085063
77 23 -2007.70097
78 23 -250.282949
79 23 -1825.08177
80 23 12.4850919
81 23 214.48501
82 23 -107.499103
83 23 -1747.61651
84 23 -229.311895
85 23 -1322.26823
86 23 -8.18255547
87 23 103.001145
88 23 -74.4230589
89 23 -1447.26831
90 23 -181.540317
1 24 -686.219869
2 24 -775.064583
3 24 -23.8177723
4 24 800.357841
5 24 -656.069995
6 24 -868.036797
7 24 -748.861019
8 24 -748.856967
9 24 -27.5534967
10 24 783.736187
11 24 -748.347703
12 24 -901.527231
13 24 1787307.95
14 24 1520553.69
15 24 -42503.7207
16 24 -73265.7007
17 24 52645.7413
18 24 -47140.3015
19 24 -5060253.01
20 24 -14033581
21 24 -222950.014
22 24 -13002284.5
23 24 20433487.2
24 24 1.29495747e+10
25 24 180101.881
26 24 -207636.414
27 24 -70748.1858
28 24 -11851.1561
29 24 -10651.9851
30 24 -1338.32705
31 24 184071.878
32 24 -212000.89
33 24 -73400.5048
34 24 -11843.998
35 24 -10429.1383
36 24 -1102.88723
37 24 -727.862229
38 24 -407.822662
39 24 -14.3496979
40 24 368.43102
41 24 -708.854497
42 24 -465.65301
43 24 -637.484149
44 24 -324.995219
45 24 -11.2682484
46 24 284.234437
47 24 -613.740795
48 24 -394.946554
49 24 -431.982495
50 24 -183.055085
51 24 -5.96340593
52 24 137.708502
53 24 -402.36351
54 24 -290.491457
55 24 -416.817268
56 24 -206.611162
57 24 -7.98729568
58 24 163.931616
59 24 -386.904512
60 24 -277.725055
61 24 -283.931615
62 24 -303.790212
63 24 -17.7141503
64 24 247.543525
65 24 -275.742178
66 24 -192.999146
67 24 -242.684531
68 24 -237.113314
69 24 -14.729541
70 24 179.787303
71 24 -230.296949
72 24 -164.801575
73 24 -231.685411
74 24 -225.857971
75 24 -14.0239278
76 24 167.700439
77 24 -219.492803
78 24 -156.893287
79 24 -208.893999
80 24 -179.188592
81 24 -11.7244277
82 24 117.061432
83 24 -197.471269
84 24 -129.378395
85 24 -158.566995
86 24 -61.2121092
87 24 0.476616962
88 24 66.4369154
89 24 -157.031806
90 24 -102.783661
1 25 -4654.51719
2 25 -38.4394031
3 25 383.880337
4 25 21.1351664
5 25 -4133.01748
6 25 -455.106702
7 25 -4587.46546
8 25 -28.981736
9 25 382.028213
10 25 -37.8412415
11 25 -4325.46642
12 25 -482.600607
13 25 -6579897.42
14 25 287812.94
15 25 -2354166.35
16 25 -57293.1664
17 25 531815.105
18 25 184931.463
19 25 -6506201.32
20 25 285278.168
21 25 -2324719.37
22 25 -54604.9543
23 25 527149.201
24 25 180101.881
25 25 1.09172249e+13
26 25 1.52811212e+12
27 25 3.76674087e+12
28 25 -12171832
29 25 566712805
30 25 110736186
31 25 -5.04045341e+12
32 25 -7.21350963e+11
33 25 -1.76000875e+12
34 25 273282970
35 25 -2.9838511e+09
36 25 146383225
37 25 -5.13864535e+12
38 25 -7.39258871e+11
39 25 -1.78289978e+12
40 25 282673511
41 25 -3.00996405e+09
42 25 139053645
43 25 -4.71961227e+11
44 25 -7.0416653e+10
45 25 -1.63012204e+11
46 25 84312120.1
47 25 -828406283
48 25 53234721.1
49 25 -1.2781911e+11
50 25 -1.96296957e+10
51 25 -4.3852701e+10
52 25 42146783.9
53 25 -423344555
54 25 23866465.8
55 25 -1.24652751e+11
56 25 -1.9442891e+10
57 25 -4.23509531e+10
58 25 44466785.4
59 25 -417781848
60 25 22047258
61 25 -30669.8108
62 25 441.531152
63 25 7385.02718
64 25 -808.171036
65 25 -9947.26681
66 25 -1292.80413
67 25 -30372.3395
68 25 425.932764
69 25 7315.02195
70 25 -763.1941
71 25 -9576.55848
72 25 -1240.21835
73 25 -30277.9638
74 25 414.012116
75 25 7264.63764
76 25 -765.120473
77 25 -9504.51529
78 25 -1199.25949
79 25 -29911.9883
80 25 457.684048
81 25 7175.17603
82 25 -829.401438
83 25 -9226.96537
84 25 -1173.43985
85 25 -1472.161
86 25 -22.7144208
87 25 45.6047738
88 25 -47.6119506
89 25 -1569.59545
90 25 -236.793499
1 26 -21.4514277
2 26 -4663.44077
3 26 -474.640755
4 26 4053.01152
5 26 19.1505251
6 26 -313.488867
7 26 -31.1129141
8 26 -4590.79354
9 26 -650.612418
10 26 4243.25517
11 26 -70.1277255
12 26 -293.816216
13 26 -665156.349
14 26 -7175239.14
15 26 -3304864.5
16 26 -593746.095
17 26 133498.631
18 26 -208369.756
19 26 -650186.987
20 26 -7055954.16
21 26 -3224926.58
22 26 -582654.517
23 26 132259.134
24 26 -207636.414
25 26 1.52811212e+12
26 26 4.71206068e+11
27 26 5.89682933e+11
28 26 -482806099
29 26 39340316.3
30 26 -153447919
31 26 -7.5044646e+11
32 26 -2.63189968e+11
33 26 -2.89169056e+11
34 26 304131925
35 26 -433273225
36 26 134338490
37 26 -7.34040279e+11
38 26 -2.7397677e+11
39 26 -2.82435147e+11
40 26 311271056
41 26 -420347736
42 26 134634116
43 26 -6.76446352e+10
44 26 -1.68457111e+10
45 26 -2.35880719e+10
46 26 22577884.1
47 26 -119107948
48 26 11499380.1
49 26 -1.74565425e+10
50 26 -4.91565931e+09
51 26 -6.06471604e+09
52 26 12372064.6
53 26 -58117947.3
54 26 5485450.42
55 26 -1.59982995e+10
56 26 -4.29587923e+09
57 26 -5.49344073e+09
58 26 11113142.5
59 26 -53844626.4
60 26 4635834.96
61 26 421.911277
62 26 -30267.4176
63 26 -5376.47267
64 26 9574.50816
65 26 -51.5514746
66 26 -1928.69204
67 26 402.989157
68 26 -29986.7199
69 26 -5335.07202
70 26 9223.00404
71 26 -55.5382766
72 26 -1840.84884
73 26 400.965432
74 26 -29852.2966
75 26 -5242.57915
76 26 9135.47011
