# name: debug
# type: sparse matrix
# nnz: 4356
# rows: 66
# columns: 66

1 1 100655174
2 1 15934.4588
3 1 1641661.09
4 1 341926.196
5 1 225586953
6 1 19251168.4
7 1 -8620744.43
8 1 -42488.6025
9 1 50422.9802
10 1 94679.7243
11 1 -19467767.3
12 1 -1314891.57
13 1 -6671726.71
14 1 -83246.5515
15 1 208092.688
16 1 -76890.2648
17 1 -15087771.3
18 1 -1097851.49
19 1 -4459873.45
20 1 -43197.1145
21 1 685274.838
22 1 -437225.094
23 1 -10448127.8
24 1 -880089.698
25 1 -2166590.11
26 1 -36715.6624
27 1 571638.609
28 1 -235938.793
29 1 -5466578.33
30 1 -406723.519
31 1 -1213708.05
32 1 -21379.3119
33 1 405119.481
34 1 -190961.152
35 1 -2870339.67
36 1 -205959.619
37 1 -763480.53
38 1 24119.03
39 1 321878.566
40 1 -212631.666
41 1 -1744915.7
42 1 -70768.5321
43 1 -475563.626
44 1 12246.0772
45 1 224027.545
46 1 -155818.045
47 1 -1091735.14
48 1 53488.328
49 1 -372995.847
50 1 6508.83978
51 1 188201.157
52 1 -142040.225
53 1 -901733.352
54 1 47256.9995
55 1 -285439.242
56 1 1694.36098
57 1 146750.194
58 1 -117214.042
59 1 -703856.113
60 1 25549.9413
61 1 -174591.728
62 1 563.734231
63 1 100319.939
64 1 -82869.0612
65 1 -445854.763
66 1 20171.6929
1 2 15934.4588
2 2 102222382
3 2 8747506.89
4 2 -220036774
5 2 2711890.83
6 2 -425787.364
7 2 -19825.2339
8 2 -8541807.28
9 2 -573996.102
10 2 18552588.1
11 2 -113934.741
12 2 -167353.69
13 2 -50735.8186
14 2 -6612087.06
15 2 -526364.278
16 2 14396844.3
17 2 -558548.881
18 2 238073.648
19 2 -220.148234
20 2 -4571638.77
21 2 -339668.869
22 2 10231322.8
23 2 -436871.608
24 2 -644853.611
25 2 500.196694
26 2 -2299644.26
27 2 -177639.72
28 2 5374199.43
29 2 -216271.128
30 2 -675076.836
31 2 10028.4236
32 2 -1385489.76
33 2 -89486.7765
34 2 2972179.05
35 2 -159938.305
36 2 -511565.645
37 2 28941.8862
38 2 -947240.401
39 2 1086.92693
40 2 1887023.7
41 2 -148222.386
42 2 -321115.496
43 2 12601.3442
44 2 -604557.014
45 2 27467.9702
46 2 1175698.91
47 2 -203702.433
48 2 -243939.07
49 2 8650.22477
50 2 -473339.043
51 2 20455.8552
52 2 951316.744
53 2 -190572.407
54 2 -222982.071
55 2 6548.92783
56 2 -362395.511
57 2 6364.37614
58 2 738633.588
59 2 -150288.821
60 2 -172518.187
61 2 4007.05195
62 2 -227138.617
63 2 4258.99444
64 2 472006.796
65 2 -102883.816
66 2 -121982.149
1 3 1641661.09
2 3 8747506.89
3 3 15873134.6
4 3 -23965825.7
5 3 -724785.905
6 3 -268992.718
7 3 -336421.379
8 3 -521559.666
9 3 -1235809.92
10 3 1536801.49
11 3 -308993.361
12 3 -15191.2346
13 3 -330266.918
14 3 -514772.44
15 3 -951107.89
16 3 1397910.58
17 3 -293907.348
18 3 28107.5693
19 3 -45411.4238
20 3 -348247.752
21 3 -585175.638
22 3 949276.65
23 3 312930.251
24 3 -15557.3025
25 3 30169.039
26 3 -164365.068
27 3 -280972.729
28 3 475471.998
29 3 369752.912
30 3 -19373.9403
31 3 -48504.7576
32 3 -91092.2371
33 3 -125600.476
34 3 234152.991
35 3 65206.7026
36 3 -24734.505
37 3 -36049.1744
38 3 -58628.8603
39 3 -76697.9402
40 3 124415.812
41 3 59850.0006
42 3 -9533.76049
43 3 -5601.21843
44 3 -14432.0727
45 3 -62877.0993
46 3 33418.2182
47 3 76898.4305
48 3 -3016.75372
49 3 10212.6516
50 3 -12504.5877
51 3 -60182.8802
52 3 37252.9708
53 3 93520.1393
54 3 -4677.33905
55 3 11423.7147
56 3 -16805.0838
57 3 -49939.6167
58 3 47098.2302
59 3 84493.9911
60 3 -6908.24603
61 3 16163.0672
62 3 -9703.7291
63 3 -33653.7043
64 3 34351.9496
65 3 75446.534
66 3 -6653.63823
1 4 341926.196
2 4 -220036774
3 4 -23965825.7
4 4 518364359
5 4 1120159.27
6 4 -14413815
7 4 -19113.9469
8 4 18387460.7
9 4 1613797.19
10 4 -41059146.6
11 4 -18823.4781
12 4 1140887.38
13 4 155017.927
14 4 14277127.8
15 4 1413399.94
16 4 -31884118.3
17 4 1236571.3
18 4 68534.3008
19 4 -27692.2034
20 4 10111820.9
21 4 916921.861
22 4 -22980556.1
23 4 840426.613
24 4 1704933.26
25 4 -11995.7365
26 4 5100655.45
27 4 468533.227
28 4 -12114158
29 4 389403.271
30 4 1627769.87
31 4 -19552.9511
32 4 3023099.15
33 4 239058.011
34 4 -6592531.47
35 4 302316.356
36 4 1201019.71
37 4 -52917.8126
38 4 2078664.97
39 4 24088.5692
40 4 -4223909.91
41 4 309667.117
42 4 755049.697
43 4 -14868.418
44 4 1315759.43
45 4 -48376.1183
46 4 -2604317.41
47 4 457529.889
48 4 541408.488
49 4 -9114.94505
50 4 1056497.89
51 4 -33822.4738
52 4 -2155281.93
53 4 430577.232
54 4 499374.823
55 4 -8026.81782
56 4 817691.293
57 4 -4500.78769
58 4 -1692801.78
59 4 337595.511
60 4 394021.823
61 4 -8567.55198
62 4 515025.861
63 4 -2320.91664
64 4 -1089893.63
65 4 222935.922
66 4 281124.176
1 5 225586953
2 5 2711890.83
3 5 -724785.905
4 5 1120159.27
5 5 554816507
6 5 50688662.8
7 5 -19356619.6
8 5 -299815.27
9 5 347511.404
10 5 578135.315
11 5 -45022677.8
12 5 -3208892.32
13 5 -15007218.8
14 5 -427921.074
15 5 660520.946
16 5 294980.627
17 5 -34818059.8
18 5 -2551837.11
19 5 -10224971.9
20 5 -219540.992
21 5 1673035.71
22 5 -775723.345
23 5 -24513172
24 5 -2076709.25
25 5 -5021778.29
26 5 -150190.772
27 5 1372728.62
28 5 -441691.173
29 5 -12992656
30 5 -968658.513
31 5 -2746101.68
32 5 -100561.433
33 5 927191.356
34 5 -357342.96
35 5 -6642812.74
36 5 -498859.2
37 5 -1761883.73
38 5 8322.28552
39 5 752091.757
40 5 -425844.963
41 5 -4123267.93
42 5 -182376.606
43 5 -1087358.54
44 5 -9172.38876
45 5 507256.551
46 5 -298538.59
47 5 -2548873.21
48 5 101529.033
49 5 -874585.342
50 5 -14543.8113
51 5 433209.081
52 5 -289041.284
53 5 -2151015.98
54 5 93162.2023
55 5 -678885.669
56 5 -17357.232
57 5 347040.414
58 5 -250787.893
59 5 -1706438.24
60 5 49771.614
61 5 -415589.39
62 5 -8105.33093
63 5 242268.338
64 5 -189746.364
65 5 -1085680.34
66 5 40884.7821
1 6 19251168.4
2 6 -425787.364
3 6 -268992.718
4 6 -14413815
5 6 50688662.8
6 6 70631707.3
7 6 -1062477.34
8 6 362550.938
9 6 57155.0931
10 6 19220.4775
11 6 -2585202.87
12 6 -4821871.77
13 6 -1003609.45
14 6 232559.914
15 6 76279.2948
16 6 272222.165
17 6 -2326590.57
18 6 -3699128.93
19 6 -666100.24
20 6 -63801.9735
21 6 99298.9016
22 6 495928.166
23 6 -1557845.84
24 6 -2481058.42
25 6 -308984.384
26 6 -128967.09
27 6 69985.8309
28 6 495211.441
29 6 -770711.655
30 6 -1269713.54
31 6 -157726.122
32 6 93046.0492
33 6 55500.4579
34 6 -101220.883
35 6 -348196.281
36 6 -581943.572
37 6 -87184.1234
38 6 53900.7419
39 6 33129.5129
40 6 15067.4659
41 6 -166631.049
42 6 -391542.599
43 6 -25565.3888
44 6 -16550.8648
45 6 12983.8277
46 6 90131.8003
47 6 -70839.85
48 6 -272786.913
49 6 -20993.2942
50 6 -54388.1913
51 6 12946.3599
52 6 145125.336
53 6 -76451.7665
54 6 -248225.229
55 6 -29698.7329
56 6 -55491.289
57 6 16948.6402
58 6 141755.741
59 6 -100757.678
60 6 -204392.165
61 6 -18511.4921
62 6 -59756.4151
63 6 11608.6173
64 6 139505.791
65 6 -81995.009
66 6 -128942.369
1 7 -8620744.43
2 7 -19825.2339
3 7 -336421.379
4 7 -19113.9469
5 7 -19356619.6
6 7 -1062477.34
7 7 85387263.9
8 7 144519.566
9 7 -3558035.01
10 7 76437.6511
11 7 194905138
12 7 16400345.4
13 7 -6311720.31
14 7 -70003.2382
15 7 298059.04
16 7 -104067.699
17 7 -14384392.3
18 7 -1066280.24
19 7 -4356766.88
20 7 -39205.5385
21 7 699863.106
22 7 -436934.809
23 7 -10235764.6
24 7 -882021.485
25 7 -2197683.71
26 7 -31883.881
27 7 580064.029
28 7 -254922.05
29 7 -5528100.94
30 7 -413876.665
31 7 -1251329.85
32 7 -19061.587
33 7 420879.791
34 7 -202933.262
35 7 -2957951.44
36 7 -204509.613
37 7 -806929.498
38 7 19814.1686
39 7 341536.88
40 7 -214581.291
41 7 -1845228.05
42 7 -72509.8305
43 7 -498793.41
44 7 10219.1254
45 7 238684.951
46 7 -160336.287
47 7 -1149671.64
48 7 59672.1207
49 7 -395086.946
50 7 5529.12046
51 7 200495.485
52 7 -149534.816
53 7 -956305.01
54 7 52151.5254
55 7 -304748.057
56 7 1145.35406
57 7 157592.484
58 7 -124255.298
59 7 -752683.362
60 7 29475.2666
61 7 -188367.003
62 7 196.257482
63 7 107901.228
64 7 -87872.6343
65 7 -480373.222
66 7 23333.1493
1 8 -42488.6025
2 8 -8541807.28
3 8 -521559.666
4 8 18387460.7
5 8 -299815.27
6 8 362550.938
7 8 144519.566
8 8 86913544
9 8 6585093.75
10 8 -190952410
11 8 629711.604
12 8 7940348.73
13 8 -57242.4713
14 8 -6281586.33
15 8 -525763.531
16 8 13795637.7
17 8 -544123.802
18 8 81337.5819
19 8 -1790.67443
20 8 -4448007.35
21 8 -354808.462
22 8 9979367.51
23 8 -423453.775
24 8 -675005.071
25 8 3392.90932
26 8 -2309193.27
27 8 -185886.829
28 8 5392559.67
29 8 -202684.856
30 8 -674376.001
31 8 12731.5174
32 8 -1398266.31
33 8 -90180.2857
34 8 3002697.53
35 8 -155252.738
36 8 -520697.523
37 8 32414.9251
38 8 -970881.483
39 8 -334.238646
40 8 1941226.47
41 8 -145645.456
42 8 -330114.63
43 8 15478.0094
44 8 -614478.335
45 8 28425.6158
46 8 1203785.31
47 8 -201307.776
48 8 -252760.186
49 8 11090.9431
50 8 -486125.624
51 8 21153.3122
52 8 984224.034
53 8 -189561.363
54 8 -229599.22
55 8 8282.05167
56 8 -375878.377
57 8 7032.41071
58 8 771324.925
59 8 -152836.429
60 8 -179564.227
61 8 5181.19145
62 8 -237816.277
63 8 4782.09535
64 8 496427.44
65 8 -106497.415
66 8 -126510.767
1 9 50422.9802
2 9 -573996.102
3 9 -1235809.92
4 9 1613797.19
5 9 347511.404
6 9 57155.0931
7 9 -3558035.01
8 9 6585093.75
9 9 12819334.7
10 9 -19016473
11 9 -13406758.3
12 9 -438676.649
13 9 73651.3831
14 9 -548654.87
15 9 -885557.388
16 9 1480734.41
17 9 559872.037
18 9 71594.9131
19 9 173727.105
20 9 -388926.324
21 9 -594004.628
22 9 1062264.7
23 9 801457.451
24 9 15054.7854
25 9 123677.424
26 9 -184241.625
27 9 -300917.059
28 9 536054.729
29 9 597184.706
30 9 -8944.11069
31 9 6742.60487
32 9 -98718.1275
33 9 -145522.839
34 9 261430.925
35 9 196945.778
36 9 -19926.3803
37 9 -1597.20958
38 9 -67640.3443
39 9 -93715.178
40 9 149186.074
41 9 140760.682
42 9 -8811.1379
43 9 19121.392
44 9 -17147.6155
45 9 -74753.5852
46 9 45595.3791
47 9 135171.741
48 9 -7434.17688
49 9 28685.4564
50 9 -14371.0496
51 9 -70848.4136
52 9 48600.0558
53 9 141409.256
54 9 -8513.21164
55 9 25820.8152
56 9 -18330.0359
57 9 -59474.9023
58 9 56839.2497
59 9 123335.97
60 9 -9550.71078
61 9 24918.2976
62 9 -10778.1093
63 9 -40446.1024
64 9 40989.0174
65 9 100168.932
66 9 -8643.80468
1 10 94679.7243
2 10 18552588.1
3 10 1536801.49
4 10 -41059146.6
5 10 578135.315
6 10 19220.4775
7 10 76437.6511
8 10 -190952410
9 10 -19016473
10 10 455288607
11 10 6809125.47
12 10 -31328832.2
13 10 195642.435
14 10 13797717.3
15 10 1427985.2
16 10 -31030934.3
17 10 1262877.59
18 10 325718.369
19 10 2739.98124
20 10 9950667.37
21 10 961541.503
22 10 -22666062.5
23 10 863535.195
24 10 1776154.87
25 10 -9540.64764
26 10 5166531.53
27 10 492759.064
28 10 -12263188.5
29 10 373164.01
30 10 1646458.29
31 10 -18708.8249
32 10 3080170.5
33 10 242368.792
34 10 -6726974.06
35 10 305934.493
36 10 1234248.75
37 10 -56022.7582
38 10 2155840.96
39 10 26030.6424
40 10 -4395474.56
41 10 315037.557
42 10 784878.082
43 10 -19381.581
44 10 1355465.29
45 10 -52884.1983
46 10 -2701690.65
47 10 460489.685
48 10 568708.466
49 10 -13808.9913
50 10 1100403.98
51 10 -36363.0948
52 10 -2261405.92
53 10 433942.707
54 10 523206.134
55 10 -10948.2381
56 10 860120.19
57 10 -6272.84753
58 10 -1792673.6
59 10 348854.34
60 10 416219.094
61 10 -10137.0333
62 10 546650.478
63 10 -3759.01308
64 10 -1161540.73
65 10 236018.513
66 10 294870.714
1 11 -19467767.3
2 11 -113934.741
3 11 -308993.361
4 11 -18823.4781
5 11 -45022677.8
6 11 -2585202.87
7 11 194905138
8 11 629711.604
9 11 -13406758.3
10 11 6809125.47
11 11 486043508
12 11 44129699.1
13 11 -14362040.5
14 11 -269549.038
15 11 990861.801
16 11 -106558.358
17 11 -33625497
18 11 -2455652.1
19 11 -10082086
20 11 -127396.254
21 11 1811108.85
22 11 -1010989.5
23 11 -24304430
24 11 -2051908.86
25 11 -5127259.36
26 11 -94064.3384
27 11 1447003.05
28 11 -618646.736
29 11 -13271731.5
30 11 -965774.41
31 11 -2842937.76
32 11 -72533.0518
33 11 991153.257
34 11 -448087.437
35 11 -6905516.76
36 11 -485500.013
37 11 -1869313.56
38 11 14443.2445
39 11 816885.783
40 11 -471375.786
41 11 -4398701.92
42 11 -178714.158
43 11 -1148431.92
44 11 -3164.50896
45 11 557547.224
46 11 -336818.912
47 11 -2714449.76
48 11 123003.435
49 11 -935852.87
50 11 -7321.63303
51 11 478376.26
52 11 -334232.114
53 11 -2313957.33
54 11 111484.148
55 11 -732789.987
56 11 -11649.869
57 11 385816.833
58 11 -289376.276
59 11 -1852592.76
60 11 63997.7191
61 11 -454943.565
62 11 -5197.63393
63 11 268858.914
64 11 -215347.99
65 11 -1190897.02
66 11 51506.7541
1 12 -1314891.57
2 12 -167353.69
3 12 -15191.2346
4 12 1140887.38
5 12 -3208892.32
6 12 -4821871.77
7 12 16400345.4
8 12 7940348.73
9 12 -438676.649
10 12 -31328832.2
11 12 44129699.1
12 12 59805892.4
13 12 -1159804.74
14 12 -321336.015
15 12 57410.3839
16 12 1368545.08
17 12 -2721428.52
18 12 -3513661.07
19 12 -802800.062
20 12 -385372.429
21 12 103690.146
22 12 1175378.24
23 12 -1902406.61
24 12 -2481466.06
25 12 -380448.836
26 12 -269314.904
27 12 78537.6118
28 12 810674.891
29 12 -963810.501
30 12 -1309538.7
31 12 -192014.828
32 12 1004.60201
33 12 61430.2696
34 12 87562.4569
35 12 -443535.415
36 12 -629830.341
37 12 -110755.985
38 12 -8963.45985
39 12 43644.7754
40 12 133116.618
41 12 -233127.127
42 12 -425338.734
43 12 -34727.7949
44 12 -61647.376
45 12 19258.7521
46 12 173000.367
47 12 -110281.573
48 12 -291402.689
49 12 -28728.2371
50 12 -87804.5173
51 12 17930.0686
52 12 210005.403
53 12 -112432.328
54 12 -269293.777
55 12 -36822.4294
56 12 -82552.6276
57 12 20995.56
58 12 194306.441
59 12 -132646.226
60 12 -225385.985
61 12 -23388.5576
62 12 -76601.1242
63 12 14824.3204
64 12 172349.983
65 12 -104145.144
66 12 -144536.015
1 13 -6671726.71
2 13 -50735.8186
3 13 -330266.918
4 13 155017.927
5 13 -15007218.8
6 13 -1003609.45
7 13 -6311720.31
8 13 -57242.4713
9 13 73651.3831
10 13 195642.435
11 13 -14362040.5
12 13 -1159804.74
13 13 84359181.7
14 13 -256959.637
15 13 -2819341.67
16 13 2453508.49
17 13 178225585
18 13 14970677.2
19 13 -9648799.34
20 13 -623349.674
21 13 2593320.19
22 13 -552694.705
23 13 -13599951.3
24 13 -1582968.7
25 13 -2633122.69
26 13 -23362.7959
27 13 553018.172
28 13 -325299.942
29 13 -6390829.54
30 13 -401135.946
31 13 -1412038.91
32 13 -25046.2757
33 13 440107.73
34 13 -205973.812
35 13 -3276912.32
36 13 -224720.013
37 13 -915251.933
38 13 11767.5389
39 13 372435.31
40 13 -213171.087
41 13 -2071324.46
42 13 -87253.0104
43 13 -626501.799
44 13 3972.97193
45 13 273866.523
46 13 -172558.014
47 13 -1413693.66
48 13 58511.5007
49 13 -493343.759
50 13 -571.517756
51 13 223202.984
52 13 -160368.503
53 13 -1161571.22
54 13 48123.0659
55 13 -396712.658
56 13 -2347.40222
57 13 188519.879
58 13 -143101.908
59 13 -948178.233
60 13 36532.0696
61 13 -235674.181
62 13 -982.771055
63 13 123664.205
64 13 -99595.107
65 13 -575333.773
66 13 31633.3773
1 14 -83246.5515
2 14 -6612087.06
3 14 -514772.44
4 14 14277127.8
5 14 -427921.074
6 14 232559.914
7 14 -70003.2382
8 14 -6281586.33
9 14 -548654.87
10 14 13797717.3
11 14 -269549.038
12 14 -321336.015
13 14 -256959.637
14 14 97267445.5
15 14 13970261.3
16 14 -179274600
17 14 6450476.59
18 14 -1760766.49
19 14 736227.958
20 14 -21862361.2
21 14 -7946860.68
22 14 17221282.3
23 14 326252.909
24 14 -1909501.04
25 14 -1331.45034
26 14 -2734210.11
27 14 -155443.597
28 14 6304338.21
29 14 -263820.328
30 14 -585110.025
31 14 4892.21767
32 14 -1541934.86
33 14 -93139.4204
34 14 3290547.48
35 14 -202907.678
36 14 -532994.678
37 14 28330.5785
38 14 -1069464.99
39 14 -560.70335
40 14 2132489.56
41 14 -183856.108
42 14 -355931.676
43 14 13105.7423
44 14 -744577.007
45 14 27861.7699
46 14 1447771.64
47 14 -258178.468
48 14 -271960.108
49 14 8668.79995
50 14 -585675.34
51 14 18105.5589
52 14 1173356.55
53 14 -238935.14
54 14 -239086.465
55 14 7109.967
56 14 -475888.236
57 14 9974.77731
58 14 959948.646
59 14 -204673.64
60 14 -204386.721
61 14 4753.53011
62 14 -290485.662
63 14 8625.72141
64 14 593126.582
65 14 -136102.829
66 14 -136361.532
1 15 208092.688
2 15 -526364.278
3 15 -951107.89
4 15 1413399.94
5 15 660520.946
6 15 76279.2948
7 15 298059.04
8 15 -525763.531
9 15 -885557.388
10 15 1427985.2
11 15 990861.801
12 15 57410.3839
13 15 -2819341.67
14 15 13970261.3
15 15 15876707.9
16 15 -19507920.9
17 15 -12789598
18 15 -1805342.12
19 15 -443509.383
20 15 -7980828.24
21 15 -3751919.77
22 15 3474232.04
23 15 794082.27
24 15 -771628.308
25 15 90076.4576
26 15 -139075.992
27 15 -377273.617
28 15 454246.569
29 15 564992.308
30 15 4811.1406
31 15 22184.4098
32 15 -100333.261
33 15 -169366.381
34 15 271329.046
35 15 247090.055
36 15 -14894.1036
37 15 15595.134
38 15 -75232.2389
39 15 -117342.627
40 15 168033.26
41 15 194681.206
42 15 -6820.6883
43 15 23772.7755
44 15 -26858.0082
45 15 -97911.0394
46 15 67866.6414
47 15 158606.094
48 15 -8586.94188
49 15 29695.6442
50 15 -24057.3721
51 15 -90748.2853
52 15 69532.4903
53 15 158340.32
54 15 -9562.12265
55 15 31778.7237
56 15 -22847.2776
57 15 -77970.1603
58 15 68071.5499
59 15 153681.019
60 15 -10627.6235
61 15 28730.3412
62 15 -11042.8732
63 15 -48801.5587
64 15 42145.4144
65 15 117197.098
66 15 -9058.77257
1 16 -76890.2648
2 16 14396844.3
3 16 1397910.58
4 16 -31884118.3
5 16 294980.627
6 16 272222.165
7 16 -104067.699
8 16 13795637.7
9 16 1480734.41
10 16 -31030934.3
11 16 -106558.358
12 16 1368545.08
13 16 2453508.49
14 16 -179274600
15 16 -19507920.9
16 16 407882754
17 16 -3001572.58
18 16 -8736002.45
19 16 -302705.386
20 16 17139547.9
21 16 3383217.31
22 16 -28827396.1
23 16 486619.194
24 16 1796237.43
25 16 -160963.908
26 16 6073412.4
27 16 472149.77
28 16 -14283305.8
29 16 127713.748
30 16 1549985.57
31 16 -64731.4896
32 16 3378029.96
33 16 273309.642
34 16 -7350735.98
35 16 255405.456
36 16 1286290.64
37 16 -85287.4806
38 16 2373135.92
39 16 48662.8037
40 16 -4840295.66
41 16 303529.453
42 16 861971.215
43 16 -32951.9678
44 16 1646027.51
45 16 -32735.0282
46 16 -3265121.95
47 16 539171.375
48 16 627820.929
49 16 -22172.3242
50 16 1329964.65
51 16 -14986.0575
52 16 -2711880.29
53 16 506775.247
54 16 563452.298
55 16 -20854.0751
56 16 1084938.89
57 16 -2182.12676
58 16 -2229808.16
59 16 428399.018
60 16 487056.694
61 16 -17961.1469
62 16 664906.516
63 16 -6490.629
64 16 -1386574.84
65 16 278859.612
66 16 326276.502
1 17 -15087771.3
2 17 -558548.881
3 17 -293907.348
4 17 1236571.3
5 17 -34818059.8
6 17 -2326590.57
7 17 -14384392.3
8 17 -544123.802
9 17 559872.037
10 17 1262877.59
11 17 -33625497
12 17 -2721428.52
13 17 178225585
14 17 6450476.59
15 17 -12789598
16 17 -3001572.58
17 17 427906895
18 17 36164981.7
19 17 -13375357.7
20 17 -1188605.79
21 17 1801559.37
22 17 -192476.661
23 17 -29232769
24 17 -2645384.27
25 17 -6039475.45
26 17 -203811.122
27 17 1387592.46
28 17 -456895.217
29 17 -15139389.7
30 17 -1029901.43
31 17 -3187822.5
32 17 -174570.781
33 17 1036800.18
34 17 -264033.556
35 17 -7630897.5
36 17 -570951.397
37 17 -2114519.08
38 17 -69849.9441
39 17 894633.365
40 17 -336788.27
41 17 -4949970.35
42 17 -239448.117
43 17 -1445775.92
44 17 -74400.7566
45 17 639774.714
46 17 -254100.084
47 17 -3368439.53
48 17 99440.7047
49 17 -1173019.38
50 17 -68474.8884
51 17 536892.51
52 17 -270262.669
53 17 -2843097.2
54 17 85698.5432
55 17 -947686.369
56 17 -56791.2475
57 17 463665.425
58 17 -262918.471
59 17 -2338363.82
60 17 65133.151
61 17 -563169.838
62 17 -29614.0477
63 17 309125.364
64 17 -199498.869
65 17 -1425732.32
66 17 60713.0426
1 18 -1097851.49
2 18 238073.648
3 18 28107.5693
4 18 68534.3008
5 18 -2551837.11
6 18 -3699128.93
7 18 -1066280.24
8 18 81337.5819
9 18 71594.9131
10 18 325718.369
11 18 -2455652.1
12 18 -3513661.07
13 18 14970677.2
14 18 -1760766.49
15 18 -1805342.12
16 18 -8736002.45
17 18 36164981.7
18 18 49847245.9
19 18 -1410604.45
20 18 1612938.46
21 18 995331.127
22 18 -766248.907
23 18 -2197945.64
24 18 -2934926.33
25 18 -325950.056
26 18 71820.3351
27 18 74592.9701
28 18 74720.1858
29 18 -857137.473
30 18 -1506071.6
31 18 -192735.535
32 18 141319.403
33 18 68266.4469
34 18 -209457.859
35 18 -424114.664
36 18 -648521.3
37 18 -119426.781
38 18 65985.1329
39 18 46804.9257
40 18 -13646.0441
41 18 -229017.892
42 18 -456141.549
43 18 -50779.0863
44 18 6613.91832
45 18 22055.3959
46 18 42157.9763
47 18 -115032.38
48 18 -341160.376
49 18 -45303.2687
50 18 -28756.7562
51 18 21852.2737
52 18 96234.3151
53 18 -118810.436
54 18 -314087.672
55 18 -44750.5955
56 18 -47153.15
57 18 23523.3455
58 18 128590.95
59 18 -131387.706
60 18 -263507.965
61 18 -24187.7093
62 18 -53325.3782
63 18 14526.8443
64 18 128199.51
65 18 -93236.9796
66 18 -154915.194
1 19 -4459873.45
2 19 -220.148234
3 19 -45411.4238
4 19 -27692.2034
5 19 -10224971.9
6 19 -666100.24
7 19 -4356766.88
8 19 -1790.67443
9 19 173727.105
10 19 2739.98124
11 19 -10082086
12 19 -802800.062
13 19 -9648799.34
14 19 736227.958
15 19 -443509.383
16 19 -302705.386
17 19 -13375357.7
18 19 -1410604.45
19 19 66763550.7
20 19 975025.929
21 19 -10800563.9
22 19 6093262.65
23 19 141659185
24 19 13514403.8
25 19 -2740407.27
26 19 -22717.4762
27 19 553956.956
28 19 -323273.903
29 19 -6594564.41
30 19 -450578.625
31 19 -1554580.2
32 19 -9833.03483
33 19 475984.901
34 19 -255318.158
35 19 -3528487.76
36 19 -188794.85
37 19 -1000089.12
38 19 890.995181
39 19 398966.837
40 19 -212302.956
41 19 -2253377.81
42 19 -108328.396
43 19 -692365.6
44 19 -5251.65972
45 19 289076.274
46 19 -172643.931
47 19 -1550260.44
48 19 43044.9278
49 19 -540298.386
50 19 -7249.87811
51 19 229425.931
52 19 -162414.261
53 19 -1256295.75
54 19 31209.4972
55 19 -419020.535
56 19 -6088.28464
57 19 193114.499
58 19 -144702.307
59 19 -994151.996
60 19 26874.4475
61 19 -240312.308
62 19 -2944.87728
63 19 126177.514
64 19 -99051.1975
65 19 -586018.027
66 19 25907.3059
1 20 -43197.1145
2 20 -4571638.77
3 20 -348247.752
4 20 10111820.9
5 20 -219540.992
6 20 -63801.9735
7 20 -39205.5385
8 20 -4448007.35
9 20 -388926.324
10 20 9950667.37
11 20 -127396.254
12 20 -385372.429
13 20 -623349.674
14 20 -21862361.2
15 20 -7980828.24
16 20 17139547.9
17 20 -1188605.79
18 20 1612938.46
19 20 975025.929
20 20 81721923.3
21 20 12208556.1
22 20 -145484920
23 20 6715038.05
24 20 10201416.1
25 20 -14092.3809
26 20 -2827628.02
27 20 -194084.513
28 20 6486717.03
29 20 -309280.579
30 20 -536097.723
31 20 1869.5717
32 20 -1657358.83
33 20 -67060.1344
34 20 3475909.13
35 20 -228914.565
36 20 -541167.284
37 20 23899.3554
38 20 -1120257.64
39 20 -9083.67778
40 20 2225154.55
41 20 -195828.778
42 20 -350740.045
43 20 9522.6373
44 20 -782281.627
45 20 16062.4434
46 20 1509326.23
47 20 -267122.729
48 20 -253483.771
49 20 5765.71854
50 20 -610081.518
51 20 5802.31533
52 20 1209308.18
53 20 -241931.52
54 20 -215370.263
55 20 5343.28094
56 20 -481124.268
57 20 2481.27137
58 20 963353.578
59 20 -201238.435
60 20 -191100.472
61 20 4011.34051
62 20 -284710.899
63 20 4262.17894
64 20 578474.972
65 20 -128922.336
66 20 -131426.208
1 21 685274.838
2 21 -339668.869
3 21 -585175.638
4 21 916921.861
5 21 1673035.71
6 21 99298.9016
7 21 699863.106
8 21 -354808.462
9 21 -594004.628
10 21 961541.503
11 21 1811108.85
12 21 103690.146
13 21 2593320.19
14 21 -7946860.68
15 21 -3751919.77
16 21 3383217.31
17 21 1801559.37
18 21 995331.127
19 21 -10800563.9
20 21 12208556.1
21 21 15052256.9
22 21 -16369698.1
23 21 -25140989.9
24 21 -1117069.75
25 21 308143.761
26 21 -168114.785
27 21 -424573.722
28 21 560925.705
29 21 1081783.11
30 21 36976.708
31 21 145235.466
32 21 -67750.7402
33 21 -217175.299
34 21 243214.926
35 21 541667.497
36 21 7032.35412
37 21 95263.8123
38 21 -82158.3794
39 21 -157512.904
40 21 199727.378
41 21 380190.219
42 21 1173.82583
43 21 73618.5008
44 21 -34836.373
45 21 -128720.914
46 21 98601.2311
47 21 272462.816
48 21 -12955.8231
49 21 64592.788
50 21 -32021.8501
51 21 -113408.021
52 21 98368.7118
53 21 241579.131
54 21 -12495.0363
55 21 63157.3135
56 21 -26055.6517
57 21 -95641.4811
58 21 87026.5313
59 21 229100.873
60 21 -13216.8001
61 21 49114.9367
62 21 -12270.3592
63 21 -59583.2933
64 21 54002.6662
65 21 165901.254
66 21 -11568.0493
1 22 -437225.094
2 22 10231322.8
3 22 949276.65
4 22 -22980556.1
5 22 -775723.345
6 22 495928.166
7 22 -436934.809
8 22 9979367.51
9 22 1062264.7
10 22 -22666062.5
11 22 -1010989.5
12 22 1175378.24
13 22 -552694.705
14 22 17221282.3
15 22 3474232.04
16 22 -28827396.1
17 22 -192476.661
18 22 -766248.907
19 22 6093262.65
20 22 -145484920
21 22 -16369698.1
22 22 326578080
23 22 1410913.02
24 22 -23482641.2
25 22 -286827.227
26 22 6254145.16
27 22 605445.061
28 22 -14684342.2
29 22 -176567.448
30 22 1409299.49
31 22 -170411.284
32 22 3574294.42
33 22 266640.392
34 22 -7694924.16
35 22 39775.3163
36 22 1285805.4
37 22 -144011.289
38 22 2485981.71
39 22 95578.9541
40 22 -5069784.78
41 22 170286.011
42 22 843534.91
43 22 -67037.7359
44 22 1727859.99
45 22 11913.5768
46 22 -3414622.35
47 22 462787.93
48 22 585386.177
49 22 -49668.0077
50 22 1382452.02
51 22 27372.6857
52 22 -2804041.51
53 22 432234.092
54 22 510053.538
55 22 -45400.1394
56 22 1095953.24
57 22 26794.3776
58 22 -2250818.21
59 22 352633.721
60 22 458335.505
61 22 -33269.2551
62 22 651904.034
63 22 11709.145
64 22 -1363618.32
65 22 221078.631
66 22 316215.763
1 23 -10448127.8
2 23 -436871.608
3 23 312930.251
4 23 840426.613
5 23 -24513172
6 23 -1557845.84
7 23 -10235764.6
8 23 -423453.775
9 23 801457.451
10 23 863535.195
11 23 -24304430
12 23 -1902406.61
13 23 -13599951.3
14 23 326252.909
15 23 794082.27
16 23 486619.194
17 23 -29232769
18 23 -2197945.64
19 23 141659185
20 23 6715038.05
21 23 -25140989.9
22 23 1410913.02
23 23 343496531
24 23 31439049.5
25 23 -6279136.85
26 23 -342452.18
27 23 1481506.21
28 23 -166749.505
29 23 -15784533.5
30 23 -1141014.67
31 23 -3454153.87
32 23 -212729.262
33 23 1150799.83
34 23 -240137.624
35 23 -8208001.23
36 23 -534342.461
37 23 -2314176.34
38 23 -140885.066
39 23 991276.959
40 23 -251850.393
41 23 -5454572.42
42 23 -294505.316
43 23 -1608119.58
44 23 -134512.907
45 23 701279.727
46 23 -186363.522
47 23 -3757045.8
48 23 67102.425
49 23 -1295179.99
50 23 -113419.649
51 23 576430.534
52 23 -226900.361
53 23 -3135495.92
54 23 51074.2292
55 23 -1011500.1
56 23 -85226.9043
57 23 497571.209
58 23 -236674.869
59 23 -2509766.12
60 23 45401.3081
61 23 -583772.232
62 23 -44343.4913
63 23 329808.968
64 23 -184973.736
65 23 -1495699.85
66 23 47937.019
1 24 -880089.698
2 24 -644853.611
3 24 -15557.3025
4 24 1704933.26
5 24 -2076709.25
6 24 -2481058.42
7 24 -882021.485
8 24 -675005.071
9 24 15054.7854
10 24 1776154.87
11 24 -2051908.86
12 24 -2481466.06
13 24 -1582968.7
14 24 -1909501.04
15 24 -771628.308
16 24 1796237.43
17 24 -2645384.27
18 24 -2934926.33
19 24 13514403.8
20 24 10201416.1
21 24 -1117069.75
22 24 -23482641.2
23 24 31439049.5
24 24 39746429.5
25 24 -459499.692
26 24 -229189.415
27 24 87883.1037
28 24 754815.032
29 24 -1197323
30 24 -1624529.72
31 24 -200835.291
32 24 -36036.52
33 24 56697.9043
34 24 171861.391
35 24 -504453.301
36 24 -745833.773
37 24 -164166.74
38 24 -60151.8142
39 24 65206.0919
40 24 226803.985
41 24 -357765.527
42 24 -529115.637
43 24 -89204.6977
44 24 -65069.2343
45 24 39288.3118
46 24 169429.271
47 24 -225682.333
48 24 -397073.195
49 24 -80344.8774
50 24 -75616.5266
51 24 36247.0157
52 24 180382.896
53 24 -217557.505
54 24 -358144.497
55 24 -66882.3522
56 24 -94818.2529
57 24 33204.1084
58 24 216028.951
59 24 -203642.32
60 24 -291391.006
61 24 -35761.8058
62 24 -87014.5149
63 24 20742.0972
64 24 189891.701
65 24 -137012.821
66 24 -167903.596
1 25 -2166590.11
2 25 500.196694
3 25 30169.039
4 25 -11995.7365
5 25 -5021778.29
6 25 -308984.384
7 25 -2197683.71
8 25 3392.90932
9 25 123677.424
10 25 -9540.64764
11 25 -5127259.36
12 25 -380448.836
13 25 -2633122.69
14 25 -1331.45034
15 25 90076.4576
16 25 -160963.908
17 25 -6039475.45
18 25 -325950.056
19 25 -2740407.27
20 25 -14092.3809
21 25 308143.761
22 25 -286827.227
23 25 -6279136.85
24 25 -459499.692
25 25 42426235.9
26 25 380957.562
27 25 -8315294.14
28 25 4984797.2
29 25 100487107
30 25 7404161.94
31 25 -2472302.6
32 25 -7459.80093
33 25 625692.902
34 25 -441078.369
35 25 -5538367.63
36 25 -278993.758
37 25 -1441220.89
38 25 -7604.29466
39 25 455369.042
40 25 -337109.297
41 25 -3192449.79
42 25 -185664.956
43 25 -695883.51
44 25 -11730.3179
45 25 277609.675
46 25 -176196.669
47 25 -1576514.04
48 25 16809.9994
49 25 -503661.903
50 25 -12514.4845
51 25 216754.715
52 25 -148036.149
53 25 -1186263.08
54 25 143.060674
55 25 -389579.35
56 25 -9572.72542
57 25 183507.618
58 25 -133166.239
59 25 -937769.722
60 25 7185.73058
61 25 -229762.116
62 25 -5338.41721
63 25 121369.683
64 25 -92387.7738
65 25 -564833.811
66 25 16588.0749
1 26 -36715.6624
2 26 -2299644.26
3 26 -164365.068
4 26 5100655.45
5 26 -150190.772
6 26 -128967.09
7 26 -31883.881
8 26 -2309193.27
9 26 -184241.625
10 26 5166531.53
11 26 -94064.3384
12 26 -269314.904
13 26 -23362.7959
14 26 -2734210.11
15 26 -139075.992
16 26 6073412.4
17 26 -203811.122
18 26 71820.3351
19 26 -22717.4762
20 26 -2827628.02
21 26 -168114.785
22 26 6254145.16
23 26 -342452.18
24 26 -229189.415
25 26 380957.562
26 26 44779432.9
27 26 2870412.81
28 26 -100726407
29 26 5185029.08
30 26 9045639.76
31 26 8911.61002
32 26 -2573954.93
33 26 -91096.8916
34 26 5409141.2
35 26 -334375.672
36 26 -583791.375
37 26 31339.2376
38 26 -1522101.39
39 26 -23179.6051
40 26 3034131.23
41 26 -225855.078
42 26 -271817.797
43 26 11357.4187
44 26 -753215.528
45 26 2127.19168
46 26 1461829.16
47 26 -233337.87
48 26 -224813.552
49 26 5690.05834
50 26 -552539.988
51 26 -9636.6499
52 26 1096897.28
53 26 -202496.814
54 26 -201447.57
55 26 5337.11899
56 26 -436037.488
57 26 -6591.66532
58 26 878691.342
59 26 -171108.02
60 26 -181972.342
61 26 4053.92524
62 26 -264793.654
63 26 -47.5410428
64 26 540109.675
65 26 -114121.801
66 26 -124535.774
1 27 571638.609
2 27 -177639.72
3 27 -280972.729
4 27 468533.227
5 27 1372728.62
6 27 69985.8309
7 27 580064.029
8 27 -185886.829
9 27 -300917.059
10 27 492759.064
11 27 1447003.05
12 27 78537.6118
13 27 553018.172
14 27 -155443.597
15 27 -377273.617
16 27 472149.77
17 27 1387592.46
18 27 74592.9701
19 27 553956.956
20 27 -194084.513
21 27 -424573.722
22 27 605445.061
23 27 1481506.21
24 27 87883.1037
25 27 -8315294.14
26 27 2870412.81
27 27 8265064.84
28 27 -9539938
29 27 -24586900.8
30 27 -1106518.28
31 27 338271.054
32 27 -115389.567
33 27 -357309.275
34 27 414239.073
35 27 1007724.36
36 27 23132.0927
37 27 173301.791
38 27 -126174.459
39 27 -239173.333
40 27 312387.943
41 27 579438.927
42 27 15834.3512
43 27 125927.115
44 27 -45603.9872
45 27 -150275.851
46 27 137991.329
47 27 382180.989
48 27 -15310.3124
49 27 105742.631
50 27 -41617.99
51 27 -123404.703
52 27 134891.597
53 27 325807.459
54 27 -13464.0491
55 27 95275.7598
56 27 -31155.9581
57 27 -103898.603
58 27 112529.644
59 27 295734.146
60 27 -14409.091
61 27 66914.8245
62 27 -15129.3668
63 27 -65759.1517
64 27 68777.4256
65 27 203085.598
66 27 -13082.5983
1 28 -235938.793
2 28 5374199.43
3 28 475471.998
4 28 -12114158
5 28 -441691.173
6 28 495211.441
7 28 -254922.05
8 28 5392559.67
9 28 536054.729
10 28 -12263188.5
11 28 -618646.736
12 28 810674.891
13 28 -325299.942
14 28 6304338.21
15 28 454246.569
16 28 -14283305.8
17 28 -456895.217
18 28 74720.1858
19 28 -323273.903
20 28 6486717.03
21 28 560925.705
22 28 -14684342.2
23 28 -166749.505
24 28 754815.032
25 28 4984797.2
26 28 -100726407
27 28 -9539938
28 28 242689569
29 28 4193169.64
30 28 -23894861.4
31 28 -349348.818
32 28 5772777.22
33 28 403181.095
34 28 -12464281.8
35 28 -115602.688
36 28 1438715.71
37 28 -269188.572
38 28 3539160.94
39 28 164309.847
40 28 -7248107.37
41 28 5174.70478
42 28 696151.044
43 28 -98003.2218
44 28 1737923.11
45 28 52452.4151
46 28 -3468683.04
47 28 341488.326
48 28 542113.835
49 28 -65100.8008
50 28 1301652.72
51 28 70645.3322
52 28 -2655519.61
53 28 321396.166
54 28 496886.729
55 28 -58478.0775
56 28 1036571.42
57 28 54910.0802
58 28 -2152876.35
59 28 267991.668
60 28 455709.184
61 28 -41010.6188
62 28 632415.993
63 28 25980.7113
64 28 -1333428.28
65 28 179382.047
66 28 312627.695
1 29 -5466578.33
2 29 -216271.128
3 29 369752.912
4 29 389403.271
5 29 -12992656
6 29 -770711.655
7 29 -5528100.94
8 29 -202684.856
9 29 597184.706
10 29 373164.01
11 29 -13271731.5
12 29 -963810.501
13 29 -6390829.54
14 29 -263820.328
15 29 564992.308
16 29 127713.748
17 29 -15139389.7
18 29 -857137.473
19 29 -6594564.41
20 29 -309280.579
21 29 1081783.11
22 29 -176567.448
23 29 -15784533.5
24 29 -1197323
25 29 100487107
26 29 5185029.08
27 29 -24586900.8
28 29 4193169.64
29 29 260539959
30 29 19806517.6
31 29 -5746299.8
32 29 -295096.718
33 29 1611902.14
34 29 -569483.123
35 29 -13482078.7
36 29 -805192.193
37 29 -3516744.89
38 29 -170630.408
39 29 1220304.45
40 29 -589295.056
41 29 -8147036.06
42 29 -479072.745
43 29 -1716956.99
44 29 -132736.794
45 29 736906.416
46 29 -267831.827
47 29 -4079599.1
48 29 19663.9697
49 29 -1275549.73
50 29 -107267.028
51 29 596346.492
52 29 -258884.044
53 29 -3146061.87
54 29 -13820.5559
55 29 -998457.298
56 29 -80139.5506
57 29 517198.509
58 29 -262170.408
59 29 -2529257.07
60 29 4917.50201
61 29 -594637.287
62 29 -45107.5951
63 29 344324.505
64 29 -197221.317
65 29 -1542851.06
66 29 30787.6295
1 30 -406723.519
2 30 -675076.836
3 30 -19373.9403
4 30 1627769.87
5 30 -968658.513
6 30 -1269713.54
7 30 -413876.665
8 30 -674376.001
9 30 -8944.11069
10 30 1646458.29
11 30 -965774.41
12 30 -1309538.7
13 30 -401135.946
14 30 -585110.025
15 30 4811.1406
16 30 1549985.57
17 30 -1029901.43
18 30 -1506071.6
19 30 -450578.625
20 30 -536097.723
21 30 36976.708
22 30 1409299.49
23 30 -1141014.67
24 30 -1624529.72
25 30 7404161.94
26 30 9045639.76
27 30 -1106518.28
28 30 -23894861.4
29 30 19806517.6
30 30 29076492.2
31 30 -287289.129
32 30 -86028.6472
33 30 66937.9022
34 30 271959.018
35 30 -734803.094
36 30 -1220177.41
37 30 -238838.696
38 30 -55540.417
39 30 74231.7946
40 30 220599.625
41 30 -515830.031
42 30 -821969.287
43 30 -100933.33
44 30 -126381.31
45 30 40678.8902
46 30 278737.332
47 30 -275728.948
48 30 -440547.508
49 30 -92466.7246
50 30 -133370.176
51 30 38617.9922
52 30 285594.425
53 30 -267024.712
54 30 -358941.073
55 30 -71638.3502
56 30 -141338.292
57 30 32861.9957
58 30 302875.302
59 30 -233777.138
60 30 -292333.41
61 30 -37829.7176
62 30 -111477.199
63 30 20263.2116
64 30 235970.972
65 30 -151830.144
66 30 -171735.787
1 31 -1213708.05
2 31 10028.4236
3 31 -48504.7576
4 31 -19552.9511
5 31 -2746101.68
6 31 -157726.122
7 31 -1251329.85
8 31 12731.5174
9 31 6742.60487
10 31 -18708.8249
11 31 -2842937.76
12 31 -192014.828
13 31 -1412038.91
14 31 4892.21767
15 31 22184.4098
16 31 -64731.4896
17 31 -3187822.5
18 31 -192735.535
19 31 -1554580.2
20 31 1869.5717
21 31 145235.466
22 31 -170411.284
23 31 -3454153.87
24 31 -200835.291
25 31 -2472302.6
26 31 8911.61002
27 31 338271.054
28 31 -349348.818
29 31 -5746299.8
30 31 -287289.129
31 31 31555821.3
32 31 132768.294
33 31 -8367315.32
34 31 5355476.97
35 31 69412989.3
36 31 4045856.11
37 31 -1759165.94
38 31 -19331.298
39 31 564196.058
40 31 -380426.835
41 31 -3891383.97
42 31 -215145.638
43 31 -821663.963
44 31 -16386.4728
45 31 348780.896
46 31 -203282.555
47 31 -1870977.9
48 31 42158.9791
49 31 -604200.699
50 31 -15655.6409
51 31 277775.638
52 31 -175445.455
53 31 -1431740.67
54 31 17730.1294
55 31 -481880.822
56 31 -12509.5814
57 31 237149.035
58 31 -158751.096
59 31 -1165435.76
60 31 24940.654
61 31 -285938.265
62 31 -7342.97339
63 31 154567.169
64 31 -110056.372
65 31 -705442.339
66 31 29679.7961
1 32 -21379.3119
2 32 -1385489.76
3 32 -91092.2371
4 32 3023099.15
5 32 -100561.433
6 32 93046.0492
7 32 -19061.587
8 32 -1398266.31
9 32 -98718.1275
10 32 3080170.5
11 32 -72533.0518
12 32 1004.60201
13 32 -25046.2757
14 32 -1541934.86
15 32 -100333.261
16 32 3378029.96
17 32 -174570.781
18 32 141319.403
19 32 -9833.03483
20 32 -1657358.83
21 32 -67750.7402
22 32 3574294.42
23 32 -212729.262
24 32 -36036.52
25 32 -7459.80093
26 32 -2573954.93
27 32 -115389.567
28 32 5772777.22
29 32 -295096.718
30 32 -86028.6472
31 32 132768.294
32 32 34162580.9
33 32 1360655.94
34 32 -70077510.2
35 32 5001116.26
36 32 10184968.9
37 32 30910.3804
38 32 -1825261.2
39 32 -23487.2612
40 32 3621539.26
41 32 -297844.755
42 32 -310532.517
43 32 12171.0298
44 32 -868952.667
45 32 15278.2036
46 32 1682311.26
47 32 -279755.148
48 32 -276071.985
49 32 5897.9701
50 32 -648799.688
51 32 -1751.63634
52 32 1282593.6
53 32 -247319.703
54 32 -250762.386
55 32 5362.01997
56 32 -526682.154
57 32 632.860998
58 32 1056864.1
59 32 -219726.563
60 32 -224711.06
61 32 4173.16308
62 32 -319915
63 32 4862.6405
64 32 650185.34
65 32 -146505.264
66 32 -149871.068
1 33 405119.481
2 33 -89486.7765
3 33 -125600.476
4 33 239058.011
5 33 927191.356
6 33 55500.4579
7 33 420879.791
8 33 -90180.2857
9 33 -145522.839
10 33 242368.792
11 33 991153.257
12 33 61430.2696
13 33 440107.73
14 33 -93139.4204
15 33 -169366.381
16 33 273309.642
17 33 1036800.18
18 33 68266.4469
19 33 475984.901
20 33 -67060.1344
21 33 -217175.299
22 33 266640.392
23 33 1150799.83
24 33 56697.9043
25 33 625692.902
26 33 -91096.8916
27 33 -357309.275
28 33 403181.095
29 33 1611902.14
30 33 66937.9022
31 33 -8367315.32
32 33 1360655.94
33 33 7691517.52
34 33 -5688487.39
35 33 -23025370.6
36 33 -783185.529
37 33 411175.996
38 33 -135562.91
39 33 -375967.539
40 33 384812.249
41 33 1172888.77
42 33 45793.0702
43 33 262804.896
44 33 -30700.1803
45 33 -237062.058
46 33 144628.908
47 33 735216.382
48 33 -25768.3775
49 33 212881.707
50 33 -33042.863
51 33 -196239.897
52 33 153374.775
53 33 611891.926
54 33 -20744.2857
55 33 183908.612
56 33 -24195.8731
57 33 -169152.189
58 33 130914.12
59 33 539907.233
60 33 -22766.7758
61 33 121374.22
62 33 -10070.6684
63 33 -107414.374
64 33 81778.4415
65 33 355228.679
66 33 -20865.6336
1 34 -190961.152
2 34 2972179.05
3 34 234152.991
4 34 -6592531.47
5 34 -357342.96
6 34 -101220.883
7 34 -202933.262
8 34 3002697.53
9 34 261430.925
10 34 -6726974.06
11 34 -448087.437
12 34 87562.4569
13 34 -205973.812
14 34 3290547.48
15 34 271329.046
16 34 -7350735.98
17 34 -264033.556
18 34 -209457.859
19 34 -255318.158
20 34 3475909.13
21 34 243214.926
22 34 -7694924.16
23 34 -240137.624
24 34 171861.391
25 34 -441078.369
26 34 5409141.2
27 34 414239.073
28 34 -12464281.8
29 34 -569483.123
30 34 271959.018
31 34 5355476.97
32 34 -70077510.2
33 34 -5688487.39
34 34 157070302
35 34 4258606.73
36 34 -23205869.8
37 34 -407772.874
38 34 3963094.27
39 34 218390.074
40 34 -8127405.36
41 34 -215056.76
42 34 730799.551
43 34 -161590.721
44 34 1871864.6
45 34 47643.8727
46 34 -3755602.32
47 34 258202.426
48 34 625102.739
49 34 -114509.483
50 34 1427659.16
51 34 73117.3072
52 34 -2924425.79
53 34 266830.167
54 34 577340.922
55 34 -96810.8017
56 34 1172251.16
57 34 56252.7185
58 34 -2444053.96
59 34 252844.788
60 34 525160.443
61 34 -63988.9236
62 34 717176.334
63 34 27524.0237
64 34 -1519489.25
65 34 175519.241
66 34 352108.084
1 35 -2870339.67
2 35 -159938.305
3 35 65206.7026
4 35 302316.356
5 35 -6642812.74
6 35 -348196.281
7 35 -2957951.44
8 35 -155252.738
9 35 196945.778
10 35 305934.493
11 35 -6905516.76
12 35 -443535.415
13 35 -3276912.32
14 35 -202907.678
15 35 247090.055
16 35 255405.456
17 35 -7630897.5
18 35 -424114.664
19 35 -3528487.76
20 35 -228914.565
21 35 541667.497
22 35 39775.3163
23 35 -8208001.23
24 35 -504453.301
25 35 -5538367.63
26 35 -334375.672
27 35 1007724.36
28 35 -115602.688
29 35 -13482078.7
30 35 -734803.094
31 35 69412989.3
32 35 5001116.26
33 35 -23025370.6
34 35 4258606.73
35 35 172106108
36 35 11503515.5
37 35 -4118140
38 35 -281582.591
39 35 1556875.28
40 35 -506799.775
41 35 -9690979.1
42 35 -541085.36
43 35 -1981195.86
44 35 -192308.059
45 35 965966.818
46 35 -236382.728
47 35 -4821909.03
48 35 74004.006
49 35 -1506606.75
50 35 -151883.277
51 35 795156.147
52 35 -259769.132
53 35 -3806393.99
54 35 26011.9032
55 35 -1223447.79
56 35 -123426.927
57 35 695142.11
58 35 -262010.494
59 35 -3172201.48
60 35 45875.7743
61 35 -739336.694
62 35 -73491.1862
63 35 455547.907
64 35 -202349.027
65 35 -1958665.75
66 35 60546.8056
1 36 -205959.619
2 36 -511565.645
3 36 -24734.505
4 36 1201019.71
5 36 -498859.2
6 36 -581943.572
7 36 -204509.613
8 36 -520697.523
9 36 -19926.3803
10 36 1234248.75
11 36 -485500.013
12 36 -629830.341
13 36 -224720.013
14 36 -532994.678
15 36 -14894.1036
16 36 1286290.64
17 36 -570951.397
18 36 -648521.3
19 36 -188794.85
20 36 -541167.284
21 36 7032.35412
22 36 1285805.4
23 36 -534342.461
24 36 -745833.773
25 36 -278993.758
26 36 -583791.375
27 36 23132.0927
28 36 1438715.71
29 36 -805192.193
30 36 -1220177.41
