# name: debug
# type: sparse matrix
# nnz: 4356
# rows: 66
# columns: 66

1 1 1.07673124e+09
2 1 96842.0053
3 1 2570207.15
4 1 117869.792
5 1 250955746
6 1 21195355.9
7 1 -27440.3991
8 1 -145.059842
9 1 -402.986461
10 1 423.248839
11 1 -61321.6602
12 1 -3644.79045
13 1 -22410.4785
14 1 -328.973933
15 1 134.196768
16 1 -96.3675516
17 1 -50034.2941
18 1 -3155.54148
19 1 -15390.4472
20 1 -168.356445
21 1 2070.82811
22 1 -1378.53144
23 1 -35626.8461
24 1 -2692.09836
25 1 -8094.70289
26 1 -137.945178
27 1 1963.00789
28 1 -815.453365
29 1 -20052.6581
30 1 -1347.00555
31 1 -5163.95639
32 1 -95.9399903
33 1 1652.35926
34 1 -754.090776
35 1 -12021.7798
36 1 -766.231174
37 1 -3541.31922
38 1 6.42168508
39 1 1439.92294
40 1 -760.02614
41 1 -7956.8314
42 1 -302.582848
43 1 -2417.04329
44 1 -20.0657788
45 1 1124.34081
46 1 -624.731852
47 1 -5495.1347
48 1 244.04726
49 1 -1892.27455
50 1 -32.7668298
51 1 940.228414
52 1 -584.449545
53 1 -4528.20778
54 1 202.836376
55 1 -1468.613
56 1 -39.1977028
57 1 733.681931
58 1 -495.23051
59 1 -3571.70131
60 1 118.577408
61 1 -888.879206
62 1 -21.1859502
63 1 498.411985
64 1 -364.064145
65 1 -2237.03389
66 1 99.8122451
1 2 96842.0053
2 2 1.07813497e+09
3 2 9885282.56
4 2 -244021857
5 2 3264653.96
6 2 -1492993.44
7 2 -87.4881438
8 2 -27029.4341
9 2 -1672.84261
10 2 58155.7878
11 2 -526.792166
12 2 182.610919
13 2 -243.88187
14 2 -22000.012
15 2 -1630.88802
16 2 47373.5331
17 2 -2087.16378
18 2 1535.2285
19 2 -45.5041859
20 2 -15691.6721
21 2 -1079.95257
22 2 34772.7114
23 2 -1680.78028
24 2 -1671.48384
25 2 -34.2200117
26 2 -8457.10052
27 2 -618.32935
28 2 19512.165
29 2 -919.186007
30 2 -2092.23921
31 2 -3.38701532
32 2 -5672.36805
33 2 -331.047794
34 2 12027.9482
35 2 -787.855983
36 2 -1928.28456
37 2 70.9587334
38 2 -4068.73505
39 2 25.716582
40 2 7994.9632
41 2 -766.331662
42 2 -1236.74138
43 2 10.7455746
44 2 -2810.52915
45 2 142.275311
46 2 5395.80816
47 2 -1045.04636
48 2 -1044.95381
49 2 0.53017167
50 2 -2196.39156
51 2 95.415371
52 2 4346.27303
53 2 -953.606295
54 2 -956.026389
55 2 -0.0243331633
56 2 -1702.69978
57 2 35.376487
58 2 3416.02243
59 2 -766.856568
60 2 -727.74124
61 2 4.35914659
62 2 -1055.56234
63 2 25.6480802
64 2 2160.0795
65 2 -506.426819
66 2 -510.950055
1 3 2570207.15
2 3 9885282.56
3 3 982061172
4 3 -26684936.7
5 3 792207.904
6 3 -300235.67
7 3 -1656.07037
8 3 -1505.50278
9 3 -4083.16076
10 3 4514.48699
11 3 -2278.03387
12 3 -46.4069055
13 3 -1710.63707
14 3 -1595.73676
15 3 -3311.51322
16 3 4342.47134
17 3 -2303.88601
18 3 94.6350167
19 3 -475.57154
20 3 -1120.79724
21 3 -2048.84656
22 3 3050.46352
23 3 323.687847
24 3 -48.8530549
25 3 -85.3239433
26 3 -581.913745
27 3 -1024.9198
28 3 1659.45651
29 3 857.752552
30 3 -71.3690338
31 3 -294.436861
32 3 -360.815351
33 3 -519.096194
34 3 903.284065
35 3 74.1528103
36 3 -101.164002
37 3 -237.135344
38 3 -270.413169
39 3 -338.17452
40 3 533.985929
41 3 122.937656
42 3 -38.6105245
43 3 -59.7737864
44 3 -78.7231658
45 3 -306.28349
46 3 157.863438
47 3 320.143024
48 3 -14.1661814
49 3 22.8606708
50 3 -76.5105231
51 3 -293.859661
52 3 194.759194
53 3 402.288367
54 3 -24.0313618
55 3 29.0865033
56 3 -89.6199303
57 3 -247.510833
58 3 225.280792
59 3 364.503998
60 3 -31.8337575
61 3 64.7699195
62 3 -47.5275289
63 3 -165.58707
64 3 155.705346
65 3 342.915511
66 3 -29.6387715
1 4 117869.792
2 4 -244021857
3 4 -26684936.7
4 4 1.53420714e+09
5 4 2192.20505
6 4 -13483801.8
7 4 73.9120351
8 4 57657.5841
9 4 4748.72913
10 4 -127362.887
11 4 675.31531
12 4 2023.34163
13 4 724.666689
14 4 47054.2484
15 4 4412.51275
16 4 -103885.881
17 4 4795.01568
18 4 -1361.66879
19 4 64.9131202
20 4 34444.6837
21 4 2950.90276
22 4 -77534.0948
23 4 3422.2582
24 4 4613.4062
25 4 74.1017516
26 4 18580.6638
27 4 1633.51958
28 4 -43562.0988
29 4 1795.6367
30 4 5056.58242
31 4 43.7830127
32 4 12276.5756
33 4 889.174655
34 4 -26460.1096
35 4 1592.09851
36 4 4492.66968
37 4 -83.4333202
38 4 8866.16192
39 4 52.4911261
40 4 -17762.44
41 4 1663.044
42 4 2889.47779
43 4 48.8029372
44 4 6079.56497
45 4 -260.642648
46 4 -11877.1706
47 4 2359.45308
48 4 2302.67032
49 4 58.7154617
50 4 4866.67502
51 4 -157.951259
52 4 -9776.0375
53 4 2162.96923
54 4 2122.07759
55 4 44.6426748
56 4 3818.13192
57 4 -36.4581941
58 4 -7778.94645
59 4 1740.82499
60 4 1650.80873
61 4 -1.87647309
62 4 2377.88098
63 4 -25.3805693
64 4 -4956.32748
65 4 1105.30735
66 4 1170.21288
1 5 250955746
2 5 3264653.96
3 5 792207.904
4 5 2192.20505
5 5 1.57606677e+09
6 5 54877962.3
7 5 -61064.0146
8 5 -1059.36489
9 5 -182.235756
10 5 2469.23938
11 5 -140270.924
12 5 -8883.72137
13 5 -49943.1047
14 5 -1591.91055
15 5 899.811017
16 5 1566.0746
17 5 -114335.37
18 5 -7323.47854
19 5 -35043.5759
20 5 -868.201456
21 5 4997.65849
22 5 -2187.99584
23 5 -82995.111
24 5 -6368.90902
25 5 -18580.7109
26 5 -603.619144
27 5 4631.46081
28 5 -1365.22893
29 5 -47145.2771
30 5 -3211.60123
31 5 -11607.3498
32 5 -461.396353
33 5 3731.51923
34 5 -1310.49699
35 5 -27612.4745
36 5 -1867.9707
37 5 -8124.47533
38 5 -208.091859
39 5 3321.58791
40 5 -1422.16187
41 5 -18664.7855
42 5 -778.29943
43 5 -5494.05004
44 5 -223.956228
45 5 2519.98993
46 5 -1139.11423
47 5 -12734.7088
48 5 466.082398
49 5 -4409.11402
50 5 -220.606656
51 5 2136.78888
52 5 -1146.18241
53 5 -10719.1205
54 5 399.062841
55 5 -3472.53092
56 5 -201.348043
57 5 1712.97609
58 5 -1023.03489
59 5 -8596.95965
60 5 234.609201
61 5 -2101.55995
62 5 -97.8880761
63 5 1188.96688
64 5 -818.57667
65 5 -5405.08676
66 5 205.579392
1 6 21195355.9
2 6 -1492993.44
3 6 -300235.67
4 6 -13483801.8
5 6 54877962.3
6 6 1.04138734e+09
7 6 -2849.9928
8 6 1865.65243
9 6 177.724195
10 6 -1530.04804
11 6 -6940.10345
12 6 -14387.3278
13 6 -2844.63118
14 6 1561.35328
15 6 237.032299
16 6 -809.221757
17 6 -6553.96253
18 6 -11687.527
19 6 -1977.50054
20 6 354.072126
21 6 304.047782
22 6 429.286538
23 6 -4567.9172
24 6 -8038.66133
25 6 -1000.27257
26 6 -59.1640459
27 6 237.363249
28 6 829.905859
29 6 -2436.25606
30 6 -4315.00072
31 6 -575.750889
32 6 564.279995
33 6 208.470252
34 6 -812.22263
35 6 -1214.57585
36 6 -2233.85083
37 6 -370.618748
38 6 389.887247
39 6 131.364535
40 6 -266.602961
41 6 -645.049626
42 6 -1594.98574
43 6 -128.152555
44 6 20.1448869
45 6 57.7169315
46 6 221.498132
47 6 -297.901963
48 6 -1188.21672
49 6 -117.429724
50 6 -165.298264
51 6 64.2515273
52 6 489.960468
53 6 -347.337711
54 6 -1081.17381
55 6 -150.108545
56 6 -173.379451
57 6 80.161548
58 6 483.106597
59 6 -440.517224
60 6 -903.118627
61 6 -89.925085
62 6 -218.092801
63 6 52.9453167
64 6 522.207684
65 6 -350.000512
66 6 -564.001701
1 7 -27440.3991
2 7 -87.4881438
3 7 -1656.07037
4 7 73.9120351
5 7 -61064.0146
6 7 -2849.9928
7 7 1.05802398e+09
8 7 176206.176
9 7 -3657606.77
10 7 15337.7317
11 7 213957943
12 7 17669086.8
13 7 -21174.3824
14 7 -291.070912
15 7 480.383422
16 7 -171.765519
17 7 -47657.5506
18 7 -3059.31085
19 7 -15055.2171
20 7 -164.387949
21 7 2121.83708
22 7 -1360.5674
23 7 -34934.6361
24 7 -2691.57458
25 7 -8172.8092
26 7 -126.512816
27 7 1987.96899
28 7 -866.81102
29 7 -20197.6878
30 7 -1366.41713
31 7 -5265.20947
32 7 -90.9738183
33 7 1700.81494
34 7 -784.35161
35 7 -12267.0953
36 7 -757.483493
37 7 -3670.33952
38 7 -2.84470367
39 7 1501.38722
40 7 -772.512884
41 7 -8266.73718
42 7 -305.556754
43 7 -2479.71097
44 7 -23.0411778
45 7 1167.57585
46 7 -642.65397
47 7 -5662.04342
48 7 267.371537
49 7 -1955.72921
50 7 -32.4254902
51 7 973.873579
52 7 -613.804616
53 7 -4687.63465
54 7 221.019253
55 7 -1531.90108
56 7 -39.5874322
57 7 769.773652
58 7 -520.344499
59 7 -3736.20465
60 7 136.074325
61 7 -938.781725
62 7 -22.4927058
63 7 526.701126
64 7 -380.638095
65 7 -2365.00515
66 7 115.415562
1 8 -145.059842
2 8 -27029.4341
3 8 -1505.50278
4 8 57657.5841
5 8 -1059.36489
6 8 1865.65243
7 8 176206.176
8 8 1.05950512e+09
9 8 7160080.53
10 8 -209189294
11 8 765995.544
12 8 8159859.72
13 8 -264.388988
14 8 -20921.7123
15 8 -1629.57764
16 8 45437.5737
17 8 -2039.29859
18 8 1016.83663
19 8 -61.9677618
20 8 -15331.6438
21 8 -1130.94804
22 8 34044.6339
23 8 -1664.12066
24 8 -1756.98497
25 8 -30.1589479
26 8 -8498.27926
27 8 -647.232946
28 8 19594.9463
29 8 -885.305133
30 8 -2088.01409
31 8 -1.16503743
32 8 -5724.95547
33 8 -331.828826
34 8 12153.1945
35 8 -787.542592
36 8 -1958.98805
37 8 75.1835298
38 8 -4163.7028
39 8 22.5388196
40 8 8214.16767
41 8 -776.587003
42 8 -1268.88915
43 8 17.8825997
44 8 -2846.52225
45 8 148.708854
46 8 5503.597
47 8 -1045.39342
48 8 -1070.05598
49 8 7.56484203
50 8 -2240.42158
51 8 99.2753592
52 8 4466.46256
53 8 -953.449028
54 8 -970.392075
55 8 3.77194699
56 8 -1755.15197
57 8 41.2477648
58 8 3545.75724
59 8 -786.316722
60 8 -749.617792
61 8 6.46754451
62 8 -1100.67038
63 8 31.731615
64 8 2263.63586
65 8 -531.743569
66 8 -526.942608
1 9 -402.986461
2 9 -1672.84261
3 9 -4083.16076
4 9 4748.72913
5 9 -182.235756
6 9 177.724195
7 9 -3657606.77
8 9 7160080.53
9 9 978228447
10 9 -20659852.8
11 9 -14038373.1
12 9 -472367.368
13 9 -287.35395
14 9 -1707.68052
15 9 -3044.83041
16 9 4615.59043
17 9 660.8365
18 9 226.699726
19 9 287.008213
20 9 -1260.69291
21 9 -2067.29861
22 9 3433.84569
23 9 2004.17112
24 9 46.6220584
25 9 270.696907
26 9 -654.564652
27 9 -1091.50727
28 9 1877.67274
29 9 1706.38597
30 9 -35.2831398
31 9 -54.0947733
32 9 -391.975066
33 9 -600.357172
34 9 1014.81054
35 9 633.17248
36 9 -82.3861658
37 9 -73.1647315
38 9 -303.985097
39 9 -412.793972
40 9 632.32502
41 9 493.607914
42 9 -35.2521853
43 9 62.3788062
44 9 -88.0358045
45 9 -362.220154
46 9 208.536403
47 9 600.471318
48 9 -33.4530224
49 9 111.946974
50 9 -83.0332391
51 9 -342.335324
52 9 242.413679
53 9 626.933192
54 9 -39.9252313
55 9 100.361543
56 9 -93.6987706
57 9 -291.829842
58 9 263.996168
59 9 551.807887
60 9 -43.0869523
61 9 108.248566
62 9 -49.7340163
63 9 -197.880301
64 9 180.499372
65 9 463.51414
66 9 -38.6358992
1 10 423.248839
2 10 58155.7878
3 10 4514.48699
4 10 -127362.887
5 10 2469.23938
6 10 -1530.04804
7 10 15337.7317
8 10 -209189294
9 10 -20659852.8
10 10 1.46034917e+09
11 10 6664188.2
12 10 -32553934.6
13 10 876.79771
14 10 45500.0304
15 10 4467.65184
16 10 -101158.493
17 10 4917.08863
18 10 -534.323403
19 10 201.422199
20 10 34014.9307
21 10 3101.7408
22 10 -76715.3995
23 10 3581.30803
24 10 4808.86351
25 10 101.67053
26 10 18829.8684
27 10 1718.00787
28 10 -44125.2225
29 10 1780.87389
30 10 5108.27164
31 10 69.1906064
32 10 12508.9627
33 10 897.494103
34 10 -27002.5666
35 10 1654.39614
36 10 4608.45821
37 10 -71.390331
38 10 9183.95164
39 10 52.4620721
40 10 -18467.3994
41 10 1739.8579
42 10 2999.35292
43 10 43.8866365
44 10 6242.35221
45 10 -287.618162
46 10 -12278.0537
47 10 2406.19558
48 10 2391.91544
49 10 48.0009521
50 10 5036.96672
51 10 -172.679676
52 10 -10194.0209
53 10 2194.41581
54 10 2193.79572
55 10 41.9259388
56 10 3992.6918
57 10 -52.8563865
58 10 -8191.05695
59 10 1815.5754
60 10 1727.16925
61 10 -0.787492484
62 10 2514.67584
63 10 -41.8419541
64 10 -5265.09291
65 10 1188.76691
66 10 1221.15127
1 11 -61321.6602
2 11 -526.792166
3 11 -2278.03387
4 11 675.31531
5 11 -140270.924
6 11 -6940.10345
7 11 213957943
8 11 765995.544
9 11 -14038373.1
10 11 6664188.2
11 11 1.49477571e+09
12 11 47192702.1
13 11 -47654.9297
14 11 -1101.79686
15 11 2099.252
16 11 324.310048
17 11 -110138.21
18 11 -7033.34968
19 11 -34539.3151
20 11 -584.583478
21 11 5470.65596
22 11 -2920.03194
23 11 -82221.6697
24 11 -6272.30728
25 11 -18859.1997
26 11 -416.81723
27 11 4886.23205
28 11 -1951.55875
29 11 -47907.7197
30 11 -3188.53548
31 11 -11878.0446
32 11 -359.353362
33 11 3958.24084
34 11 -1628.96936
35 11 -28412.6156
36 11 -1806.15205
37 11 -8451.33751
38 11 -162.767436
39 11 3550.85559
40 11 -1618.31666
41 11 -19564.9438
42 11 -752.119464
43 11 -5678.35547
44 11 -184.991046
45 11 2702.75779
46 11 -1300.80834
47 11 -13282.7661
48 11 553.571584
49 11 -4606.02788
50 11 -177.71302
51 11 2297.92233
52 11 -1337.85497
53 11 -11267.6055
54 11 474.009915
55 11 -3661.77957
56 11 -171.050109
57 11 1864.14856
58 11 -1179.86571
59 11 -9134.19911
60 11 299.518319
61 11 -2251.75963
62 11 -84.7703288
63 11 1298.76165
64 11 -917.896446
65 11 -5820.37648
66 11 257.118706
1 12 -3644.79045
2 12 182.610919
3 12 -46.4069055
4 12 2023.34163
5 12 -8883.72137
6 12 -14387.3278
7 12 17669086.8
8 12 8159859.72
9 12 -472367.368
10 12 -32553934.6
11 12 47192702.1
12 12 1.02879332e+09
13 12 -3375.39272
14 12 -287.12794
15 12 167.265981
16 12 2817.14563
17 12 -7882.3598
18 12 -11044.7637
19 12 -2436.71135
20 12 -729.211819
21 12 315.015817
22 12 2705.50354
23 12 -5722.59745
24 12 -8021.87996
25 12 -1257.02964
26 12 -573.579443
27 12 265.325286
28 12 1972.69925
29 12 -3125.13171
30 12 -4435.90794
31 12 -716.967781
32 12 192.191724
33 12 233.731226
34 12 -56.7379196
35 12 -1604.77311
36 12 -2409.16656
37 12 -474.55885
38 12 121.744996
39 12 178.855834
40 12 230.249945
41 12 -936.554826
42 12 -1724.23227
43 12 -179.720577
44 12 -180.426429
45 12 91.7496685
46 12 584.653369
47 12 -496.886796
48 12 -1264.65083
49 12 -160.484558
50 12 -311.804304
51 12 90.8406676
52 12 768.624794
53 12 -524.548264
54 12 -1165.45556
55 12 -186.128193
56 12 -294.372437
57 12 100.633855
58 12 714.156093
59 12 -591.716847
60 12 -987.498359
61 12 -112.553159
62 12 -293.990896
63 12 68.3796086
64 12 668.214853
65 12 -450.883364
66 12 -627.61177
1 13 -22410.4785
2 13 -243.88187
3 13 -1710.63707
4 13 724.666689
5 13 -49943.1047
6 13 -2844.63118
7 13 -21174.3824
8 13 -264.388988
9 13 -287.35395
10 13 876.79771
11 13 -47654.9297
12 13 -3375.39272
13 13 1.08514269e+09
14 13 1823287.57
15 13 4135732.68
16 13 1168019.92
17 13 203433266
18 13 19307030.3
19 13 -498005.566
20 13 -104199.612
21 13 210410.837
22 13 1341.47543
23 13 -187859.845
24 13 -70928.3963
25 13 -9483.15191
26 13 -87.9030363
27 13 1858.60625
28 13 -1085.23691
29 13 -22760.6336
30 13 -1312.28483
31 13 -5855.99082
32 13 -126.272463
33 13 1752.07545
34 13 -759.468262
35 13 -13428.1425
36 13 -835.37086
37 13 -4105.65491
38 13 -48.427006
39 13 1599.18254
40 13 -735.789719
41 13 -9142.92521
42 13 -366.456727
43 13 -2985.72517
44 13 -62.4899436
45 13 1287.56179
46 13 -661.322963
47 13 -6680.11365
48 13 260.569063
49 13 -2363.1861
50 13 -73.6517994
51 13 1046.99004
52 13 -626.787579
53 13 -5510.61319
54 13 196.713849
55 13 -1929.84625
56 13 -71.5558415
57 13 881.698989
58 13 -566.865317
59 13 -4557.85456
60 13 152.120929
61 13 -1141.80833
62 13 -35.6193963
63 13 582.407109
64 13 -413.38759
65 13 -2760.10105
66 13 141.643679
1 14 -328.973933
2 14 -22000.012
3 14 -1595.73676
4 14 47054.2484
5 14 -1591.91055
6 14 1561.35328
7 14 -291.070912
8 14 -20921.7123
9 14 -1707.68052
10 14 45500.0304
11 14 -1101.79686
12 14 -287.12794
13 14 1823287.57
14 14 1.08523147e+09
15 14 22240987.6
16 14 -200758685
17 14 8238790.69
18 14 -3562457.73
19 14 78199.4091
20 14 -724397.88
21 14 -349783.005
22 14 266192.942
23 14 52860.3302
24 14 -61045.3164
25 14 -30.4532193
26 14 -9788.49594
27 14 -538.547006
28 14 22353.5931
29 14 -1067.48843
30 14 -1808.37095
31 14 -38.3500541
32 14 -6270.81274
33 14 -344.72491
34 14 13247.4329
35 14 -990.120481
36 14 -1993.94463
37 14 44.739369
38 14 -4565.96322
39 14 20.543518
40 14 8979.01086
41 14 -962.338175
42 14 -1338.49477
43 14 -6.56823541
44 14 -3357.57329
45 14 147.752611
46 14 6449.4369
47 14 -1296.38201
48 14 -1126.89704
49 14 -17.9756186
50 14 -2647.35905
51 14 84.0174853
52 14 5223.63686
53 14 -1179.56639
54 14 -985.699496
55 14 -16.4772769
56 14 -2173.99936
57 14 48.7381269
58 14 4320.22124
59 14 -1026.7571
60 14 -819.362478
61 14 -2.6327186
62 14 -1322.75997
63 14 45.1716644
64 14 2664.34999
65 14 -666.973785
66 14 -550.84883
1 15 134.196768
2 15 -1630.88802
3 15 -3311.51322
4 15 4412.51275
5 15 899.811017
6 15 237.032299
7 15 480.383422
8 15 -1629.57764
9 15 -3044.83041
10 15 4467.65184
11 15 2099.252
12 15 167.265981
13 15 4135732.68
14 15 22240987.6
15 15 986144112
16 15 -23556125
17 15 -10819106.3
18 15 -1739168.53
19 15 -63453.5655
20 15 -342742.175
21 15 -117350.294
22 15 106768.587
23 15 -3821.92637
24 15 -41109.2246
25 15 178.771428
26 15 -490.386457
27 15 -1328.88517
28 15 1564.76024
29 15 1627.5115
30 15 11.289689
31 15 11.4982578
32 15 -400.240322
33 15 -695.988068
34 15 1055.93193
35 15 833.755461
36 15 -63.9449543
37 15 -10.4540096
38 15 -338.437576
39 15 -509.637598
40 15 709.570303
41 15 694.601291
42 15 -27.988608
43 15 82.432707
44 15 -127.172862
45 15 -457.090637
46 15 293.99284
47 15 700.586007
48 15 -38.2973773
49 15 109.370238
50 15 -128.330875
51 15 -424.809013
52 15 332.990443
53 15 684.420429
54 15 -43.932973
55 15 114.928712
56 15 -120.416958
57 15 -370.481572
58 15 319.465319
59 15 657.695203
60 15 -46.9089628
61 15 119.285583
62 15 -54.7619428
63 15 -233.435597
64 15 189.789076
65 15 524.196981
66 15 -39.9855366
1 16 -96.3675516
2 16 47373.5331
3 16 4342.47134
4 16 -103885.881
5 16 1566.0746
6 16 -809.221757
7 16 -171.765519
8 16 45437.5737
9 16 4615.59043
10 16 -101158.493
11 16 324.310048
12 16 2817.14563
13 16 1168019.92
14 16 -200758685
15 16 -23556125
16 16 1.4103079e+09
17 16 -4354144.86
18 16 -7793027.78
19 16 -11758.5883
20 16 262212.344
21 16 106166.711
22 16 -159386.392
23 16 -10190.0328
24 16 24113.8382
25 16 -454.218238
26 16 21559.4166
27 16 1618.54386
28 16 -50187.4215
29 16 880.915822
30 16 4805.26288
31 16 -110.356096
32 16 13630.0062
33 16 1019.82766
34 16 -29351.9165
35 16 1467.58064
36 16 4782.31721
37 16 -174.102785
38 16 10050.2685
39 16 146.961583
40 16 -20209.1021
41 16 1732.58936
42 16 3236.57616
43 16 -1.6607974
44 16 7370.43152
45 16 -204.747675
46 16 -14446.1831
47 16 2717.74814
48 16 2596.39646
49 16 33.3228457
50 16 5962.65381
51 16 -76.026087
52 16 -11980.2236
53 16 2507.78827
54 16 2313.69242
55 16 25.0779664
56 16 4924.88802
57 16 -22.6934467
58 16 -9972.40922
59 16 2176.42957
60 16 1952.91366
61 16 -23.0715065
62 16 3009.62188
63 16 -45.0323343
64 16 -6193.55441
65 16 1378.8184
66 16 1317.46895
1 17 -50034.2941
2 17 -2087.16378
3 17 -2303.88601
4 17 4795.01568
5 17 -114335.37
6 17 -6553.96253
7 17 -47657.5506
8 17 -2039.29859
9 17 660.8365
10 17 4917.08863
11 17 -110138.21
12 17 -7882.3598
13 17 203433266
14 17 8238790.69
15 17 -10819106.3
16 17 -4354144.86
17 17 1.43399123e+09
18 17 39672585.9
19 17 -170182.4
20 17 -54034.6155
21 17 50445.3434
22 17 7655.57224
23 17 -133084.227
24 17 -27945.4532
25 17 -21590.8805
26 17 -809.3537
27 17 4610.87171
28 17 -1276.32713
29 17 -53446.4722
30 17 -3341.1247
31 17 -13143.7404
32 17 -799.259759
33 17 4087.81416
34 17 -801.543198
35 17 -31063.2253
36 17 -2125.45929
37 17 -9431.24984
38 17 -547.923197
39 17 3806.12848
40 17 -977.343427
41 17 -21703.4879
42 17 -988.242949
43 17 -6852.83407
44 17 -521.558324
45 17 2995.98565
46 17 -867.383003
47 17 -15820.9832
48 17 457.339667
49 17 -5587.23514
50 17 -477.819945
51 17 2498.60678
52 17 -982.786948
53 17 -13399.4443
54 17 356.230962
55 17 -4592.05108
56 17 -410.647916
57 17 2152.98283
58 17 -975.438119
59 17 -11184.1264
60 17 281.386122
61 17 -2717.89673
62 17 -212.263015
63 17 1446.3389
64 17 -802.507196
65 17 -6806.65126
66 17 280.568752
1 18 -3155.54148
2 18 1535.2285
3 18 94.6350167
4 18 -1361.66879
5 18 -7323.47854
6 18 -11687.527
7 18 -3059.31085
8 18 1016.83663
9 18 226.699726
10 18 -534.323403
11 18 -7033.34968
12 18 -11044.7637
13 18 19307030.3
14 18 -3562457.73
15 18 -1739168.53
16 18 -7793027.78
17 18 39672585.9
18 18 1.01887177e+09
19 18 -64967.0583
20 18 47294.099
21 18 53422.0106
22 18 -20102.582
23 18 -27379.8704
24 18 -12292.8194
25 18 -1056.56357
26 18 554.561488
27 18 254.023524
28 18 -467.620201
29 18 -2692.96762
30 18 -4971.90748
31 18 -706.711453
32 18 753.699588
33 18 258.418315
34 18 -1237.25115
35 18 -1490.30305
36 18 -2473.25595
37 18 -499.944637
38 18 472.640986
39 18 187.890173
40 18 -443.867913
41 18 -880.743429
42 18 -1839.58953
43 18 -229.248615
44 18 130.186381
45 18 96.8747495
46 18 -0.426467763
47 18 -467.841433
48 18 -1430.35534
49 18 -223.139704
50 18 -33.2317129
51 18 105.787243
52 18 240.663444
53 18 -520.831595
54 18 -1323.67331
55 18 -222.981464
56 18 -102.410306
57 18 112.240565
58 18 360.054947
59 18 -570.048949
60 18 -1134.60516
61 18 -119.386145
62 18 -173.28702
63 18 67.4424067
64 18 440.998671
65 18 -398.916127
66 18 -667.909014
1 19 -15390.4472
2 19 -45.5041859
3 19 -475.57154
4 19 64.9131202
5 19 -35043.5759
6 19 -1977.50054
7 19 -15055.2171
8 19 -61.9677618
9 19 287.008213
10 19 201.422199
11 19 -34539.3151
12 19 -2436.71135
13 19 -498005.566
14 19 78199.4091
15 19 -63453.5655
16 19 -11758.5883
17 19 -170182.4
18 19 -64967.0583
19 19 1.06061749e+09
20 19 1846105.23
21 19 -23782457.2
22 19 7809540.69
23 19 161712563
24 19 17562186.6
25 19 -9730.87646
26 19 -100.091325
27 19 1861.89874
28 19 -1046.98965
29 19 -23210.4521
30 19 -1421.73342
31 19 -6247.54273
32 19 -76.8299934
33 19 1857.67478
34 19 -911.951367
35 19 -14112.2117
36 19 -717.22677
37 19 -4346.93606
38 19 -68.054207
39 19 1670.06916
40 19 -756.188473
41 19 -9656.54525
42 19 -430.70853
43 19 -3205.42702
44 19 -85.7549796
45 19 1337.34589
46 19 -678.742461
47 19 -7132.80424
48 19 207.05975
49 19 -2525.35898
50 19 -90.3247347
51 19 1065.1818
52 19 -647.979496
53 19 -5828.99424
54 19 139.083119
55 19 -1999.80436
56 19 -77.7247312
57 19 892.457206
58 19 -584.062274
59 19 -4692.87901
60 19 118.018778
61 19 -1150.89185
62 19 -37.4037073
63 19 587.914031
64 19 -419.233281
65 19 -2776.82084
66 19 121.141947
1 20 -168.356445
2 20 -15691.6721
3 20 -1120.79724
4 20 34444.6837
5 20 -868.201456
6 20 354.072126
7 20 -164.387949
8 20 -15331.6438
9 20 -1260.69291
10 20 34014.9307
11 20 -584.583478
12 20 -729.211819
13 20 -104199.612
14 20 -724397.88
15 20 -342742.175
16 20 262212.344
17 20 -54034.6155
18 20 47294.099
19 20 1846105.23
20 20 1.06697601e+09
21 20 18957300.2
22 20 -162549702
23 20 7012032.75
24 20 12108557.4
25 20 -77.4084529
26 20 -10071.2753
27 20 -646.444748
28 20 22888.7969
29 20 -1216.29449
30 20 -1660.95942
31 20 -42.2695052
32 20 -6648.68916
33 20 -268.084206
34 20 13857.621
35 20 -1058.46401
36 20 -2022.81058
37 20 29.6498361
38 20 -4756.49241
39 20 -15.8715379
40 20 9317.60538
41 20 -999.308981
42 20 -1317.61764
43 20 -18.5711762
44 20 -3516.00222
45 20 98.8151453
46 20 6707.13439
47 20 -1324.78364
48 20 -1076.47865
49 20 -28.3896927
50 20 -2754.27232
51 20 34.2790629
52 20 5384.33327
53 20 -1190.08317
54 20 -910.730388
55 20 -21.6398073
56 20 -2204.42302
57 20 15.8551186
58 20 4350.87366
59 20 -1009.46913
60 20 -776.042399
61 20 -3.28542072
62 20 -1307.81183
63 20 25.6687161
64 20 2621.06595
65 20 -635.083432
66 20 -536.754606
1 21 2070.82811
2 21 -1079.95257
3 21 -2048.84656
4 21 2950.90276
5 21 4997.65849
6 21 304.047782
7 21 2121.83708
8 21 -1130.94804
9 21 -2067.29861
10 21 3101.7408
11 21 5470.65596
12 21 315.015817
13 21 210410.837
14 21 -349783.005
15 21 -117350.294
16 21 106166.711
17 21 50445.3434
18 21 53422.0106
19 21 -23782457.2
20 21 18957300.2
21 21 989398250
22 21 -20380378.8
23 21 -30976502.3
24 21 -2113096.09
25 21 982.139464
26 21 -557.411297
27 21 -1481.428
28 21 1855.52305
29 21 3504.43807
30 21 115.239793
31 21 530.031094
32 21 -287.172804
33 21 -877.77321
34 21 964.737439
35 21 2041.08366
36 21 17.9003794
37 21 344.721041
38 21 -355.837569
39 21 -671.776667
40 21 821.383962
41 21 1491.61492
42 21 3.95574442
43 21 327.878478
44 21 -151.471626
45 21 -593.932017
46 21 414.090189
47 21 1247.76958
48 21 -58.4614282
49 21 284.924793
50 21 -153.13592
51 21 -526.533819
52 21 445.361008
53 21 1092.50485
54 21 -56.3598226
55 21 269.260389
56 21 -128.745636
57 21 -449.397841
58 21 395.936273
59 21 1018.33021
60 21 -57.641301
61 21 217.118128
62 21 -57.7108195
63 21 -282.473744
64 21 239.491851
65 21 753.050197
66 21 -51.3390087
1 22 -1378.53144
2 22 34772.7114
3 22 3050.46352
4 22 -77534.0948
5 22 -2187.99584
6 22 429.286538
7 22 -1360.5674
8 22 34044.6339
9 22 3433.84569
10 22 -76715.3995
11 22 -2920.03194
12 22 2705.50354
13 22 1341.47543
14 22 266192.942
15 22 106768.587
16 22 -159386.392
17 22 7655.57224
18 22 -20102.582
19 22 7809540.69
20 22 -162549702
21 22 -20380378.8
22 22 1.32016546e+09
23 22 1896984.38
24 22 -24813211.2
25 22 -908.219608
26 22 22077.5582
27 22 2011.41028
28 22 -51307.1116
29 22 -230.368953
30 22 4370.47439
31 22 -537.0399
32 22 14267.2706
33 22 1026.93873
34 22 -30483.6214
35 22 572.236555
36 22 4770.38399
37 22 -434.492735
38 22 10458.0678
39 22 337.23824
40 22 -21026.1954
41 22 1144.06616
42 22 3159.17314
43 22 -172.62787
44 22 7704.74226
45 22 -15.1499972
46 22 -15059.8098
47 22 2334.28678
48 22 2480.50516
49 22 -106.493351
50 22 6185.57106
51 22 100.295981
52 22 -12381.532
53 22 2149.32793
54 22 2145.98587
55 22 -101.107909
56 22 4983.74748
57 22 104.400027
58 22 -10091.5481
59 22 1816.0342
60 22 1860.70244
61 22 -102.518917
62 22 2973.29973
63 22 36.0538185
64 22 -6137.14887
65 22 1112.7317
66 22 1290.95613
1 23 -35626.8461
2 23 -1680.78028
3 23 323.687847
4 23 3422.2582
5 23 -82995.111
6 23 -4567.9172
7 23 -34934.6361
8 23 -1664.12066
9 23 2004.17112
10 23 3581.30803
11 23 -82221.6697
12 23 -5722.59745
13 23 -187859.845
14 23 52860.3302
15 23 -3821.92637
16 23 -10190.0328
17 23 -133084.227
18 23 -27379.8704
19 23 161712563
20 23 7012032.75
21 23 -30976502.3
22 23 1896984.38
23 23 1.33971201e+09
24 23 34825864.1
25 23 -22130.4714
26 23 -1313.57664
27 23 4940.78201
28 23 -224.060814
29 23 -55024.1835
30 23 -3584.71754
31 23 -13854.51
32 23 -971.116357
33 23 4472.46949
34 23 -615.21467
35 23 -32695.2646
36 23 -1992.60818
37 23 -9986.49151
38 23 -784.977765
39 23 4119.35333
40 23 -675.132836
41 23 -23198.2393
42 23 -1149.03362
43 23 -7400.1549
44 23 -745.997828
45 23 3238.31368
46 23 -607.785865
47 23 -17185.9599
48 23 348.05551
49 23 -6012.72418
50 23 -643.795923
51 23 2659.90322
52 23 -822.386864
53 23 -14445.8878
54 23 242.696007
55 23 -4797.68797
56 23 -513.680612
57 23 2286.6263
58 23 -876.513602
59 23 -11770.6048
60 23 217.725322
61 23 -2778.75702
62 23 -264.867898
63 23 1528.71756
64 23 -749.042784
65 23 -7043.19046
66 23 238.062487
1 24 -2692.09836
2 24 -1671.48384
3 24 -48.8530549
4 24 4613.4062
5 24 -6368.90902
6 24 -8038.66133
7 24 -2691.57458
8 24 -1756.98497
9 24 46.6220584
10 24 4808.86351
11 24 -6272.30728
12 24 -8021.87996
13 24 -70928.3963
14 24 -61045.3164
15 24 -41109.2246
16 24 24113.8382
17 24 -27945.4532
18 24 -12292.8194
19 24 17562186.6
20 24 12108557.4
21 24 -2113096.09
22 24 -24813211.2
23 24 34825864.1
24 24 1.0076294e+09
25 24 -1455.81865
26 24 -559.98557
27 24 281.307811
28 24 2025.96589
29 24 -3748.91641
30 24 -5306.36292
31 24 -766.795575
32 24 4.45574925
33 24 224.501781
34 24 342.563514
35 24 -1849.04752
36 24 -2813.73757
37 24 -675.074357
38 24 -74.1835279
39 24 262.433328
40 24 586.55228
41 24 -1397.71522
42 24 -2101.03964
43 24 -388.614959
44 24 -230.946713
45 24 175.447041
46 24 641.524672
47 24 -952.625802
48 24 -1648.13481
49 24 -367.162394
50 24 -281.061387
51 24 168.698448
52 24 686.130022
53 24 -949.76369
54 24 -1498.5648
55 24 -318.943347
56 24 -337.679453
57 24 155.711982
58 24 789.865777
59 24 -895.584983
60 24 -1245.55628
61 24 -170.148722
62 24 -333.583554
63 24 96.0580723
64 24 734.237166
65 24 -596.900567
66 24 -721.887602
1 25 -8094.70289
2 25 -34.2200117
3 25 -85.3239433
4 25 74.1017516
5 25 -18580.7109
6 25 -1000.27257
7 25 -8172.8092
8 25 -30.1589479
9 25 270.696907
10 25 101.67053
11 25 -18859.1997
12 25 -1257.02964
13 25 -9483.15191
14 25 -30.4532193
15 25 178.771428
16 25 -454.218238
17 25 -21590.8805
18 25 -1056.56357
19 25 -9730.87646
20 25 -77.4084529
21 25 982.139464
22 25 -908.219608
23 25 -22130.4714
24 25 -1455.81865
25 25 1.01006008e+09
26 25 393352.324
27 25 -8884187.1
28 25 5436100.06
29 25 108613481
30 25 7893037.55
31 25 -8201.91564
32 25 -57.0434214
33 25 2135.23601
34 25 -1354.98861
35 25 -18353.356
36 25 -912.089706
37 25 -5248.76656
38 25 -58.8051394
39 25 1733.17106
40 25 -1098.03139
41 25 -11552.3003
42 25 -620.118073
43 25 -3049.94482
44 25 -87.433529
45 25 1241.27071
46 25 -681.27494
47 25 -6847.78344
48 25 107.468229
49 25 -2275.99139
50 25 -89.57062
51 25 976.568399
52 25 -596.974363
53 25 -5310.71176
54 25 26.8707737
55 25 -1793.0908
56 25 -72.5039155
57 25 821.104803
58 25 -542.363124
59 25 -4259.00737
60 25 46.1092609
61 25 -1058.73061
62 25 -37.222149
63 25 546.90056
64 25 -391.237843
65 25 -2572.25302
66 25 83.7868785
1 26 -137.945178
2 26 -8457.10052
3 26 -581.913745
4 26 18580.6638
5 26 -603.619144
6 26 -59.1640459
7 26 -126.512816
8 26 -8498.27926
9 26 -654.564652
10 26 18829.8684
11 26 -416.81723
12 26 -573.579443
13 26 -87.9030363
14 26 -9788.49594
15 26 -490.386457
16 26 21559.4166
17 26 -809.3537
18 26 554.561488
19 26 -100.091325
20 26 -10071.2753
21 26 -557.411297
22 26 22077.5582
23 26 -1313.57664
24 26 -559.98557
25 26 393352.324
26 26 1.01250058e+09
27 26 3065400.53
28 26 -108710139
29 26 5559544.53
30 26 9445657.38
31 26 -16.1921411
32 26 -8629.65776
33 26 -320.641844
34 26 18007.9334
35 26 -1244.68857
36 26 -2029.65782
37 26 60.3135099
38 26 -5573.32882
39 26 -62.8030782
40 26 10957.0919
41 26 -984.670737
42 26 -1067.59016
43 26 -6.97998669
44 26 -3281.08786
45 26 43.4620743
46 26 6279.72968
47 26 -1148.51974
48 26 -961.338641
49 26 -21.2684331
50 26 -2451.71609
51 26 -23.8705073
52 26 4798.05356
53 26 -994.067258
54 26 -841.301503
55 26 -14.5351841
56 26 -1961.42267
57 26 -18.2889555
58 26 3891.71995
59 26 -850.450553
60 26 -728.946922
61 26 -0.311150161
62 26 -1193.07364
63 26 8.332125
64 26 2399.34194
65 26 -554.125109
66 26 -502.313636
1 27 1963.00789
2 27 -618.32935
3 27 -1024.9198
4 27 1633.51958
5 27 4631.46081
6 27 237.363249
7 27 1987.96899
8 27 -647.232946
9 27 -1091.50727
10 27 1718.00787
11 27 4886.23205
12 27 265.325286
13 27 1858.60625
14 27 -538.547006
15 27 -1328.88517
16 27 1618.54386
17 27 4610.87171
18 27 254.023524
19 27 1861.89874
20 27 -646.444748
21 27 -1481.428
22 27 2011.41028
23 27 4940.78201
24 27 281.307811
25 27 -8884187.1
26 27 3065400.53
27 27 973006792
28 27 -10218728
29 27 -26267772.9
30 27 -1178508.73
31 27 1174.03671
32 27 -411.515869
33 27 -1227.02387
34 27 1417.01827
35 27 3505.91715
36 27 69.6876676
37 27 675.259101
38 27 -467.333628
39 27 -890.207331
40 27 1133.51435
41 27 2229.07859
42 27 50.2400252
43 27 562.482862
44 27 -187.461483
45 27 -662.713155
46 27 560.564177
47 27 1708.3659
48 27 -70.9058299
49 27 468.289016
50 27 -181.870131
51 27 -556.092877
52 27 575.667181
53 27 1449.13942
54 27 -61.4312293
55 27 413.955144
56 27 -141.170346
57 27 -471.243465
58 27 485.3343
59 27 1299.43174
60 27 -62.6150089
61 27 295.279995
62 27 -66.8213462
63 27 -300.748544
64 27 295.264271
65 27 904.746765
66 27 -57.8140625
1 28 -815.453365
2 28 19512.165
3 28 1659.45651
4 28 -43562.0988
5 28 -1365.22893
6 28 829.905859
7 28 -866.81102
8 28 19594.9463
9 28 1877.67274
10 28 -44125.2225
11 28 -1951.55875
12 28 1972.69925
13 28 -1085.23691
14 28 22353.5931
15 28 1564.76024
16 28 -50187.4215
17 28 -1276.32713
18 28 -467.620201
19 28 -1046.98965
20 28 22888.7969
21 28 1855.52305
22 28 -51307.1116
23 28 -224.060814
24 28 2025.96589
25 28 5436100.06
26 28 -108710139
27 28 -10218728
28 28 1.22557919e+09
29 28 4616899.28
30 28 -25049437
31 28 -1014.62297
32 28 19231.567
33 28 1359.93408
34 28 -41211.3919
35 28 6.65382671
36 28 4961.78816
37 28 -808.920645
38 28 12807.4312
39 28 542.475521
40 28 -25882.8384
41 28 487.765785
42 28 2698.01924
43 28 -290.270013
44 28 7490.85813
45 28 136.895069
46 28 -14742.4075
47 28 1811.17877
48 28 2311.85779
49 28 -182.468889
50 28 5720.53284
51 28 259.653875
52 28 -11510.0223
53 28 1641.1326
54 28 2065.58009
55 28 -168.335188
56 28 4620.79877
57 28 207.490405
58 28 -9449.51055
59 28 1406.9777
60 28 1824.62601
61 28 -138.978709
62 28 2826.58775
63 28 90.6970269
64 28 -5877.59431
65 28 906.92126
66 28 1261.0973
1 29 -20052.6581
2 29 -919.186007
3 29 857.752552
4 29 1795.6367
5 29 -47145.2771
6 29 -2436.25606
7 29 -20197.6878
8 29 -885.305133
9 29 1706.38597
10 29 1780.87389
11 29 -47907.7197
12 29 -3125.13171
13 29 -22760.6336
14 29 -1067.48843
15 29 1627.5115
16 29 880.915822
17 29 -53446.4722
18 29 -2692.96762
19 29 -23210.4521
20 29 -1216.29449
21 29 3504.43807
22 29 -230.368953
23 29 -55024.1835
24 29 -3748.91641
25 29 108613481
26 29 5559544.53
27 29 -26267772.9
28 29 4616899.28
29 29 1.24502396e+09
30 29 21118551.3
31 29 -19013.3474
32 29 -1090.13575
33 29 5520.83562
34 29 -1553.8544
35 29 -44587.3695
36 29 -2600.7267
37 29 -12683.3374
38 29 -736.347046
39 29 4619.89085
40 29 -1726.32607
41 29 -29276.9277
42 29 -1605.05562
43 29 -7449.05591
44 29 -675.103858
45 29 3284.28948
46 29 -907.7421
47 29 -17569.2314
48 29 173.89851
49 29 -5715.3366
50 29 -559.19651
51 29 2671.72828
52 29 -984.035739
53 29 -13977.4219
54 29 16.4995534
55 29 -4552.0063
56 29 -438.847189
57 29 2303.25387
58 29 -1007.29582
59 29 -11390.4642
60 29 76.2249183
61 29 -2716.95814
62 29 -240.302995
63 29 1546.11584
64 29 -806.368813
65 29 -6976.5569
66 29 173.332851
1 30 -1347.00555
2 30 -2092.23921
3 30 -71.3690338
4 30 5056.58242
5 30 -3211.60123
6 30 -4315.00072
7 30 -1366.41713
8 30 -2088.01409
9 30 -35.2831398
10 30 5108.27164
11 30 -3188.53548
12 30 -4435.90794
13 30 -1312.28483
14 30 -1808.37095
15 30 11.289689
16 30 4805.26288
17 30 -3341.1247
18 30 -4971.90748
19 30 -1421.73342
20 30 -1660.95942
21 30 115.239793
22 30 4370.47439
23 30 -3584.71754
24 30 -5306.36292
25 30 7893037.55
26 30 9445657.38
27 30 -1178508.73
28 30 -25049437
29 30 21118551.3
30 30 995283364
31 30 -941.857088
32 30 -361.795346
33 30 228.569257
34 30 1075.53119
35 30 -2366.38028
36 30 -3884.87073
37 30 -836.795651
38 30 -252.668077
39 30 276.100427
40 30 910.378795
41 30 -1790.61644
42 30 -2761.72264
43 30 -412.313326
44 30 -533.555367
45 30 180.030006
46 30 1179.55592
47 30 -1120.08325
48 30 -1734.72254
49 30 -392.619006
50 30 -541.51209
51 30 172.58208
52 30 1158.87627
53 30 -1110.70314
54 30 -1466.28469
55 30 -318.449808
56 30 -548.042169
57 30 148.886703
58 30 1179.569
59 30 -985.238417
60 30 -1212.36911
61 30 -168.97632
62 30 -444.118238
63 30 91.7382284
64 30 941.182842
65 30 -641.44355
66 30 -717.279783
1 31 -5163.95639
2 31 -3.38701532
3 31 -294.436861
4 31 43.7830127
5 31 -11607.3498
6 31 -575.750889
7 31 -5265.20947
8 31 -1.16503743
9 31 -54.0947733
10 31 69.1906064
11 31 -11878.0446
12 31 -716.967781
13 31 -5855.99082
14 31 -38.3500541
15 31 11.4982578
16 31 -110.356096
17 31 -13143.7404
18 31 -706.711453
19 31 -6247.54273
20 31 -42.2695052
21 31 530.031094
22 31 -537.0399
23 31 -13854.51
24 31 -766.795575
25 31 -8201.91564
26 31 -16.1921411
27 31 1174.03671
28 31 -1014.62297
29 31 -19013.3474
30 31 -941.857088
31 31 998878205
32 31 121099.546
33 31 -9149250.02
34 31 5941019.89
35 31 76290789.5
36 31 4290603.96
37 31 -6302.59395
38 31 -81.8563454
39 31 2096.41658
40 31 -1256.17018
41 31 -13856.2183
42 31 -708.619212
43 31 -3539.43991
44 31 -97.3865643
45 31 1510.45099
46 31 -793.397659
47 31 -7981.2388
48 31 196.25622
49 31 -2685.98789
50 31 -100.268155
51 31 1211.96589
52 31 -707.199494
53 31 -6292.0653
54 31 87.508473
55 31 -2167.58871
56 31 -86.2089945
57 31 1029.16961
58 31 -637.91421
59 31 -5166.72026
60 31 109.64339
61 31 -1283.74187
62 31 -45.9407838
63 31 676.566344
64 31 -457.805207
65 31 -3129.10323
66 31 134.014301
1 32 -95.9399903
2 32 -5672.36805
3 32 -360.815351
4 32 12276.5756
5 32 -461.396353
6 32 564.279995
7 32 -90.9738183
8 32 -5724.95547
9 32 -391.975066
10 32 12508.9627
11 32 -359.353362
12 32 192.191724
13 32 -126.272463
14 32 -6270.81274
15 32 -400.240322
16 32 13630.0062
17 32 -799.259759
18 32 753.699588
19 32 -76.8299934
20 32 -6648.68916
21 32 -287.172804
22 32 14267.2706
23 32 -971.116357
24 32 4.45574925
25 32 -57.0434214
26 32 -8629.65776
27 32 -411.515869
28 32 19231.567
29 32 -1090.13575
30 32 -361.795346
31 32 121099.546
32 32 1.00161402e+09
33 32 1420966.21
34 32 -76838443.5
35 32 5454693.7
36 32 10859024.4
37 32 44.9817303
38 32 -6699.47009
39 32 -64.1883123
40 32 13110.0922
41 32 -1286.6174
42 32 -1217.15972
43 32 -9.99798748
44 32 -3808.57232
45 32 93.1762694
46 32 7269.02089
47 32 -1369.44944
48 32 -1158.93182
49 32 -29.5795589
50 32 -2893.30776
51 32 2.69692317
52 32 5635.23055
53 32 -1209.90659
54 32 -1028.93203
55 32 -25.4300172
56 32 -2367.76984
57 32 7.96978358
58 32 4674.99668
59 32 -1082.29011
60 32 -889.227658
61 32 -5.51446995
62 32 -1437.85766
63 32 28.4552399
64 32 2879.84147
65 32 -705.865754
66 32 -599.89206
1 33 1652.35926
2 33 -331.047794
3 33 -519.096194
4 33 889.174655
5 33 3731.51923
6 33 208.470252
7 33 1700.81494
8 33 -331.828826
9 33 -600.357172
10 33 897.494103
11 33 3958.24084
12 33 233.731226
13 33 1752.07545
14 33 -344.72491
15 33 -695.988068
16 33 1019.82766
17 33 4087.81416
18 33 258.418315
19 33 1857.67478
20 33 -268.084206
21 33 -877.77321
22 33 1026.93873
23 33 4472.46949
24 33 224.501781
25 33 2135.23601
26 33 -320.641844
27 33 -1227.02387
28 33 1359.93408
29 33 5520.83562
30 33 228.569257
31 33 -9149250.02
32 33 1420966.21
33 33 972488319
34 33 -6089025.57
35 33 -25092997.5
36 33 -831078.08
37 33 1527.50879
38 33 -506.12183
39 33 -1388.36215
40 33 1385.40225
41 33 4344.65032
42 33 148.332448
43 33 1133.23229
44 33 -130.663167
45 33 -1027.71711
46 33 591.857409
47 33 3168.0173
48 33 -112.200219
49 33 920.959069
50 33 -152.375057
51 33 -865.299977
52 33 662.622843
53 33 2645.36743
54 33 -89.6366511
55 33 789.510184
56 33 -115.550234
57 33 -747.384059
58 33 565.423224
59 33 2323.81195
60 33 -94.6663039
61 33 526.957473
62 33 -46.0582386
63 33 -478.363213
64 33 348.821925
65 33 1547.82771
66 33 -89.8337297
1 34 -754.090776
2 34 12027.9482
3 34 903.284065
4 34 -26460.1096
5 34 -1310.49699
6 34 -812.22263
7 34 -784.35161
8 34 12153.1945
9 34 1014.81054
10 34 -27002.5666
11 34 -1628.96936
12 34 -56.7379196
13 34 -759.468262
14 34 13247.4329
15 34 1055.93193
16 34 -29351.9165
17 34 -801.543198
18 34 -1237.25115
19 34 -911.951367
20 34 13857.621
21 34 964.737439
22 34 -30483.6214
23 34 -615.21467
24 34 342.563514
25 34 -1354.98861
26 34 18007.9334
27 34 1417.01827
28 34 -41211.3919
29 34 -1553.8544
30 34 1075.53119
31 34 5941019.89
32 34 -76838443.5
33 34 -6089025.57
34 34 1.1359022e+09
35 34 4740133.4
36 34 -24727277.3
37 34 -1257.48406
38 34 14371.5747
39 34 723.810935
40 34 -29075.2783
41 34 -159.454189
42 34 2842.11599
43 34 -542.97326
44 34 8116.42691
45 34 127.201042
46 34 -16042.9837
47 34 1523.79637
48 34 2619.58806
49 34 -379.547582
50 34 6303.32869
51 34 283.29226
52 34 -12721.2397
53 34 1452.88191
54 34 2362.13133
55 34 -315.100577
56 34 5219.18504
57 34 218.539667
58 34 -10704.4131
59 34 1383.22345
60 34 2080.62321
61 34 -227.42842
62 34 3196.35198
63 34 96.7985044
64 34 -6674.08456
65 34 914.717873
66 34 1411.7962
1 35 -12021.7798
2 35 -787.855983
3 35 74.1528103
4 35 1592.09851
5 35 -27612.4745
6 35 -1214.57585
7 35 -12267.0953
8 35 -787.542592
9 35 633.17248
10 35 1654.39614
11 35 -28412.6156
12 35 -1604.77311
13 35 -13428.1425
14 35 -990.120481
15 35 833.755461
16 35 1467.58064
17 35 -31063.2253
18 35 -1490.30305
19 35 -14112.2117
20 35 -1058.46401
21 35 2041.08366
22 35 572.236555
23 35 -32695.2646
24 35 -1849.04752
25 35 -18353.356
26 35 -1244.68857
27 35 3505.91715
28 35 6.65382671
29 35 -44587.3695
30 35 -2366.38028
31 35 76290789.5
32 35 5454693.7
33 35 -25092997.5
34 35 4740133.4
35 35 1.15251066e+09
36 35 12266720.7
37 35 -14648.93
38 35 -1103.99642
39 35 5762.67567
40 35 -1418.56394
41 35 -34384.4539
42 35 -1777.66636
43 35 -8457.08339
44 35 -915.73504
45 35 4172.4966
46 35 -741.939186
47 35 -20432.2308
48 35 365.472347
49 35 -6632.08974
50 35 -745.270215
51 35 3455.79267
52 35 -958.680576
53 35 -16590.4598
54 35 160.235138
55 35 -5436.4006
56 35 -626.816257
57 35 3009.95723
58 35 -961.897614
59 35 -13924.3677
60 35 231.363617
61 35 -3284.82533
62 35 -364.022214
63 35 1992.10283
64 35 -796.556141
65 35 -8621.50729
66 35 291.756905
1 36 -766.231174
2 36 -1928.28456
3 36 -101.164002
4 36 4492.66968
5 36 -1867.9707
6 36 -2233.85083
7 36 -757.483493
8 36 -1958.98805
9 36 -82.3861658
10 36 4608.45821
11 36 -1806.15205
12 36 -2409.16656
13 36 -835.37086
14 36 -1993.94463
15 36 -63.9449543
16 36 4782.31721
17 36 -2125.45929
18 36 -2473.25595
19 36 -717.22677
20 36 -2022.81058
21 36 17.9003794
22 36 4770.38399
